x1,x2,y
1.69668,2.01977,0
1.37933,1.36848,1.06535e+09
1.95504,1.84672,0
1.61399,1.10749,1.06535e+09
2.15131,1.97969,0
2.3684,2.86878,0
1.53367,1.66209,1.06535e+09
1.5592,1.78899,1.06535e+09
1.59274,1.22786,1.06535e+09
1.41591,1.5841,1.06535e+09
1.72987,1.4263,1.06535e+09
1.60266,1.60652,1.06535e+09
1.94148,1.77676,0
1.5253,1.26942,1.06535e+09
1.36993,1.53224,1.06535e+09
2.0788,2.03825,0
1.55376,1.68851,1.06535e+09
1.45681,1.81501,1.06535e+09
1.49103,1.30691,1.06535e+09
1.369,1.62148,1.06535e+09
1.96319,1.49797,1.06535e+09
1.04502,1.43442,1.06535e+09
2.52316,1.96491,0
1.91386,2.23815,0
1.47988,2.13314,1.06535e+09
1.45785,1.99655,1.06535e+09
2.15631,1.68554,0
0.900924,1.92072,1.06535e+09
1.69174,1.32935,1.06535e+09
2.16502,2.59738,0
2.22239,2.31634,0
1.53826,1.50862,1.06535e+09
1.39863,1.57939,1.06535e+09
2.12872,1.65462,0
1.31946,1.86996,1.06535e+09
1.47259,1.72337,1.06535e+09
2.33615,2.00409,0
1.60323,1.29905,1.06535e+09
1.37996,1.36062,1.06535e+09
2.49691,2.00568,0
1.85738,1.72796,1.06535e+09
1.46771,1.8577,1.06535e+09
1.79041,1.96107,0
1.93693,2.07434,0
1.01628,1.90036,1.06535e+09
2.07085,1.81599,0
1.9858,2.47282,0
2.08244,1.76383,0
1.4883,2.11519,1.06535e+09
1.78342,1.35266,1.06535e+09
2.25794,2.26455,0
2.03334,2.21566,0
1.42312,0.831074,1.06535e+09
1.82317,2.35554,0
2.10704,2.8736,0
1.57588,2.16291,0
2.51715,1.79405,0
1.93951,2.14989,0
1.96467,2.14005,0
1.9156,1.48695,1.06535e+09
1.71271,2.55576,0
1.66157,1.23488,1.06535e+09
1.1251,1.69902,1.06535e+09
1.31055,1.4497,1.06535e+09
1.8223,1.95656,0
1.88781,1.94269,0
2.09264,2.04472,0
1.81209,1.69226,1.06535e+09
1.3606,2.11976,1.06535e+09
1.70451,1.98186,0
1.70166,1.40004,1.06535e+09
1.60912,1.47416,1.06535e+09
2.01911,2.15201,0
1.06439,1.17508,1.06535e+09
2.54418,2.17597,0
1.56573,1.72338,1.06535e+09
1.43288,1.05412,1.06535e+09
2.1028,2.42651,0
1.28463,1.26576,1.06535e+09
1.76888,2.33906,0
1.67498,1.6047,1.06535e+09
2.57833,2.51157,0
1.91555,2.16302,0
1.40381,2.41364,0
1.66998,1.77187,1.06535e+09
2.66119,2.16618,0
1.44638,1.81005,1.06535e+09
1.70413,1.52824,1.06535e+09
1.73507,2.01507,0
1.61644,2.19985,0
2.67418,2.03602,0
2.17898,2.28057,0
2.34002,1.68673,0
1.83922,1.64394,1.06535e+09
1.52762,1.42656,1.06535e+09
1.27045,1.85791,1.06535e+09
1.78577,1.33602,1.06535e+09
1.8093,1.93292,0
2.00745,2.49143,0
0.893835,1.41827,1.06535e+09
1.49435,1.81917,1.06535e+09
1.62024,1.86502,1.06535e+09
1.79369,1.5748,1.06535e+09
1.617,2.3339,0
1.94773,2.12721,0
1.72012,1.29497,1.06535e+09
1.34188,1.41476,1.06535e+09
2.47358,2.05952,0
2.24581,2.12362,0
1.87898,1.26833,1.06535e+09
1.83243,1.55206,1.06535e+09
1.51311,1.7114,1.06535e+09
1.53939,1.82608,1.06535e+09
1.84028,2.28526,0
2.10795,1.20136,1.06535e+09
1.77631,1.53094,1.06535e+09
1.18421,1.91773,1.06535e+09
1.34283,1.86918,1.06535e+09
1.69681,1.42342,1.06535e+09
2.04737,1.90162,0
1.28673,1.80728,1.06535e+09
2.85791,2.11422,0
1.44751,1.89969,1.06535e+09
1.40455,1.66158,1.06535e+09
1.26605,2.09623,1.06535e+09
1.70742,1.84317,1.06535e+09
1.62308,1.7639,1.06535e+09
1.39679,1.17434,1.06535e+09
1.34473,2.23967,1.06535e+09
1.64185,1.55521,1.06535e+09
1.46848,1.59675,1.06535e+09
2.30957,1.9252,0
1.28904,1.85579,1.06535e+09
1.88124,2.00208,0
2.43179,2.58137,0
1.09621,1.13877,1.06535e+09
2.00041,1.72356,0
2.03397,1.82913,0
1.57213,1.82709,1.06535e+09
1.16346,1.26901,1.06535e+09
1.11485,1.20297,1.06535e+09
1.47292,1.25437,1.06535e+09
0.999697,1.15616,1.06535e+09
1.90392,1.64163,1.06535e+09
1.54392,1.61167,1.06535e+09
2.39408,1.49763,0
1.46608,1.18728,1.06535e+09
2.27338,2.32263,0
1.72491,1.57782,1.06535e+09
1.03287,1.65217,1.06535e+09
1.695,2.04098,0
1.82273,1.93612,0
2.11968,1.24707,1.06535e+09
1.89007,1.44881,1.06535e+09
1.84646,2.19388,0
2.25672,1.92868,0
1.75547,1.84344,1.06535e+09
1.51056,1.52337,1.06535e+09
1.2545,1.66165,1.06535e+09
1.83864,1.89649,0
1.38063,1.71932,1.06535e+09
1.81634,1.49849,1.06535e+09
1.5627,1.65161,1.06535e+09
1.72795,2.40786,0
1.2362,1.33772,1.06535e+09
1.66968,1.61442,1.06535e+09
1.56824,2.28468,0
1.78687,2.17008,0
1.84975,2.229,0
1.78435,1.30341,1.06535e+09
2.02375,1.96139,0
0.985074,1.24206,1.06535e+09
1.49789,2.14622,0
2.08264,2.00521,0
1.3172,1.27383,1.06535e+09
1.70145,1.81145,1.06535e+09
1.93864,1.13203,1.06535e+09
1.90629,1.15939,1.06535e+09
1.53926,0.994655,1.06535e+09
2.39494,1.89319,0
2.1753,2.16418,0
1.71472,1.5383,1.06535e+09
1.82499,1.31925,1.06535e+09
2.13881,2.19776,0
1.58901,1.50473,1.06535e+09
2.37716,2.29283,0
1.37695,1.18049,1.06535e+09
1.88911,1.90092,0
1.89119,1.92136,0
2.29338,1.64189,0
1.01383,1.21741,1.06535e+09
1.41857,1.00799,1.06535e+09
2.42451,1.89353,0
1.89104,1.97562,0
1.66347,2.28798,0
1.96918,1.86241,0
1.81776,1.39841,1.06535e+09
1.67588,1.00397,1.06535e+09
2.06998,1.89042,0
1.97059,1.43558,1.06535e+09
2.27366,2.3917,0
1.82718,1.84151,0
1.20783,1.75675,1.06535e+09
1.77843,1.49973,1.06535e+09
1.44564,1.62807,1.06535e+09
2.26798,1.91563,0
2.31595,2.01543,0
1.76979,2.15928,0
2.35851,2.20141,0
1.98335,1.29956,1.06535e+09
1.53973,2.03159,1.06535e+09
2.04851,1.79815,0
1.97708,1.92322,0
1.72357,1.28464,1.06535e+09
1.68316,1.7288,1.06535e+09
1.57271,1.85501,1.06535e+09
2.49111,1.67904,0
1.67716,1.59988,1.06535e+09
2.16972,1.37957,0
1.94169,1.94414,0
1.41808,1.19271,1.06535e+09
2.4164,2.04537,0
1.82666,2.37265,0
0.278524,1.63537,1.06535e+09
2.1832,2.36522,0
1.56027,1.68938,1.06535e+09
2.18231,1.87677,0
1.87912,1.74589,0
1.16736,1.81822,1.06535e+09
1.93823,2.67237,0
2.44539,1.53081,0
1.61163,1.714,1.06535e+09
2.40858,1.81545,0
1.06664,1.12578,1.06535e+09
1.25691,1.63788,1.06535e+09
1.40772,1.38304,1.06535e+09
1.14746,1.7179,1.06535e+09
2.1903,2.13741,0
1.4322,1.56404,1.06535e+09
2.38946,2.3994,0
2.06748,1.80106,0
1.10726,1.20209,1.06535e+09
1.33693,1.82641,1.06535e+09
1.57107,1.29491,1.06535e+09
2.06546,1.66508,0
2.05112,1.43556,0
1.70734,1.6208,1.06535e+09
2.35519,2.07107,0
2.13253,2.26138,0
1.91662,2.45541,0
1.80023,1.71135,1.06535e+09
0.816561,1.64277,1.06535e+09
0.950771,1.76555,1.06535e+09
1.77014,1.87464,0
1.42739,1.14034,1.06535e+09
1.64483,1.81148,1.06535e+09
1.98355,1.63841,0
1.82218,2.09787,0
1.55242,1.38083,1.06535e+09
1.64902,1.74492,1.06535e+09
1.60505,1.70934,1.06535e+09
1.91913,1.53823,1.06535e+09
1.621,2.10556,0
2.16448,1.99018,0
1.19299,1.21712,1.06535e+09
1.78606,1.51077,1.06535e+09
1.91539,2.37575,0
2.08722,1.92765,0
0.930319,1.66114,1.06535e+09
1.5663,1.47842,1.06535e+09
2.38033,1.62563,0
1.56343,1.36088,1.06535e+09
1.89532,1.19,1.06535e+09
1.95618,2.32574,0
1.8918,2.12363,0
1.42004,1.48956,1.06535e+09
1.82319,1.63092,1.06535e+09
2.25345,2.18391,0
2.40968,1.75625,0
1.83323,2.52606,0
2.40241,2.75941,0
1.29208,1.23366,1.06535e+09
1.62068,2.4014,0
2.03999,2.20946,0
1.47337,1.5265,1.06535e+09
2.2839,2.0735,0
1.76632,2.18408,0
1.44783,2.12151,1.06535e+09
1.67213,0.92106,1.06535e+09
2.08092,2.05747,0
1.88419,1.02094,1.06535e+09
0.93054,1.47981,1.06535e+09
1.21282,1.57669,1.06535e+09
1.2551,1.63596,1.06535e+09
1.87384,1.00272,1.06535e+09
0.603213,1.42035,1.06535e+09
1.59054,1.30964,1.06535e+09
1.73847,1.59478,1.06535e+09
2.28964,2.45486,0
2.02614,1.81644,0
1.8768,2.58775,0
1.75609,1.6563,1.06535e+09
1.78674,2.33484,0
1.97833,1.85935,0
1.63688,2.12727,0
1.50781,1.32225,1.06535e+09
1.39291,1.19485,1.06535e+09
1.94134,2.21565,0
2.05311,1.65976,0
2.07619,2.0343,0
1.83974,1.62638,1.06535e+09
1.48442,1.78194,1.06535e+09
1.44083,1.22738,1.06535e+09
2.42149,1.82299,0
2.02992,1.98609,0
1.76163,1.6249,1.06535e+09
2.34458,2.41906,0
1.43024,1.38916,1.06535e+09
1.42376,1.04422,1.06535e+09
1.06047,1.31541,1.06535e+09
2.0693,1.56378,0
1.95122,1.42708,1.06535e+09
1.92695,2.32342,0
1.68867,1.60305,1.06535e+09
2.27935,1.9658,0
2.12692,1.99661,0
1.75214,1.82193,1.06535e+09
1.45371,1.45939,1.06535e+09
1.79824,1.44596,1.06535e+09
1.52673,1.32014,1.06535e+09
1.57826,1.46681,1.06535e+09
2.04382,2.09533,0
2.0018,1.89937,0
1.7638,1.27067,1.06535e+09
1.08794,1.82613,1.06535e+09
1.62261,1.67431,1.06535e+09
1.50156,2.17666,0
2.03602,0.806114,1.06535e+09
1.3473,1.66017,1.06535e+09
1.57469,2.19566,0
1.00522,1.49889,1.06535e+09
1.79791,1.41506,1.06535e+09
2.44044,2.21756,0
1.50727,1.59511,1.06535e+09
1.18022,1.35877,1.06535e+09
1.36214,1.58446,1.06535e+09
2.51061,2.30183,0
1.68964,1.79739,1.06535e+09
1.98544,2.69786,0
2.00044,2.04404,0
1.08541,1.38726,1.06535e+09
1.56706,1.68063,1.06535e+09
0.852959,1.52518,1.06535e+09
2.18055,1.65319,0
1.27565,2.21246,1.06535e+09
2.02563,1.81023,0
1.19416,1.99393,1.06535e+09
2.36705,2.0382,0
1.01871,2.16307,1.06535e+09
1.23954,1.54508,1.06535e+09
2.01947,1.23682,1.06535e+09
2.09472,1.718,0
1.92087,1.93875,0
2.11788,1.66468,0
2.18651,2.37922,0
2.4581,1.90137,0
1.28957,1.32199,1.06535e+09
1.79353,1.55206,1.06535e+09
1.23884,1.47623,1.06535e+09
1.09296,1.279,1.06535e+09
2.24752,1.79544,0
2.02175,1.88819,0
2.70395,1.37575,0
1.67884,1.5175,1.06535e+09
1.511,1.5984,1.06535e+09
1.52172,1.57809,1.06535e+09
1.42052,1.57802,1.06535e+09
1.74813,1.9229,0
1.84342,1.82117,0
1.82317,1.61055,1.06535e+09
1.62557,2.15807,0
1.90369,2.06298,0
1.77961,1.62854,1.06535e+09
2.04018,1.88564,0
1.46024,1.12357,1.06535e+09
2.67366,1.87594,0
1.54204,2.34106,0
1.32981,1.44533,1.06535e+09
1.37907,1.02553,1.06535e+09
1.22277,1.23808,1.06535e+09
1.81163,1.77213,1.06535e+09
1.47491,2.20638,0
1.90819,1.97731,0
2.06342,2.21308,0
1.12264,1.54351,1.06535e+09
1.95919,2.21304,0
1.9027,1.85551,0
1.64651,1.04616,1.06535e+09
1.20841,1.71362,1.06535e+09
2.18353,2.1973,0
1.3015,0.852507,1.06535e+09
0.862486,1.70894,1.06535e+09
1.93418,1.37039,1.06535e+09
1.60388,1.82449,1.06535e+09
2.26376,1.71148,0
2.03557,1.98388,0
2.50509,2.02209,0
1.66576,2.44797,0
2.29077,1.87584,0
1.75706,1.84778,1.06535e+09
1.21717,1.66373,1.06535e+09
1.18201,1.59421,1.06535e+09
2.13751,1.5487,0
1.72888,1.57048,1.06535e+09
1.59859,1.55216,1.06535e+09
1.5616,0.618649,1.06535e+09
1.96894,1.83598,0
2.44479,1.87498,0
2.66188,1.99019,0
1.84798,1.46134,1.06535e+09
2.16122,2.04892,0
2.75452,2.01911,0
1.75279,1.24633,1.06535e+09
2.05934,2.09525,0
0.862527,1.32575,1.06535e+09
1.85194,1.81241,0
1.40606,1.34469,1.06535e+09
1.94186,1.30129,1.06535e+09
1.2354,1.76579,1.06535e+09
1.64881,1.42334,1.06535e+09
1.80235,2.12479,0
2.2637,2.53959,0
1.62439,1.2114,1.06535e+09
1.94679,1.67513,0
1.86171,2.38336,0
1.56281,1.78452,1.06535e+09
1.86556,1.57151,1.06535e+09
1.55605,2.07446,1.06535e+09
1.08194,1.08978,1.06535e+09
2.02885,2.56305,0
1.31443,1.72163,1.06535e+09
1.54188,1.90658,1.06535e+09
2.44233,1.71092,0
1.23515,1.16327,1.06535e+09
2.38711,1.70129,0
1.50623,1.62743,1.06535e+09
1.39776,1.34042,1.06535e+09
2.06204,2.0652,0
1.97717,2.11861,0
1.93386,1.59337,1.06535e+09
1.69774,1.72078,1.06535e+09
1.3676,1.55638,1.06535e+09
1.67656,1.83505,1.06535e+09
1.84279,2.20593,0
1.19343,1.24919,1.06535e+09
2.14329,1.59587,0
1.8403,1.76461,1.06535e+09
2.36023,2.40209,0
2.06,2.13367,0
1.88501,1.85667,0
2.06329,1.94146,0
2.30423,2.66678,0
1.38041,2.17808,1.06535e+09
1.713,2.13279,0
2.43072,1.92949,0
0.615853,1.76288,1.06535e+09
2.54821,2.21688,0
2.30659,0.818884,1.06535e+09
1.78137,2.22377,0
1.9305,1.17988,1.06535e+09
1.48318,1.40359,1.06535e+09
1.91448,2.13769,0
1.42757,1.52638,1.06535e+09
1.86554,1.96569,0
1.57841,2.12053,0
1.95214,1.94375,0
2.02736,2.32738,0
1.82539,1.463,1.06535e+09
1.19022,2.05432,1.06535e+09
2.05667,2.35192,0
1.84869,1.44991,1.06535e+09
1.60901,2.0457,1.06535e+09
2.45446,1.70035,0
2.00938,2.05458,0
1.66015,1.6625,1.06535e+09
1.2035,1.76451,1.06535e+09
1.87512,1.70424,1.06535e+09
1.56652,2.17251,0
1.52713,1.02009,1.06535e+09
2.05473,2.11051,0
1.73046,2.19161,0
1.8075,2.20596,0
1.49221,1.37795,1.06535e+09
1.57576,1.58574,1.06535e+09
1.98657,1.79226,0
2.8284,2.05023,0
1.5062,1.85494,1.06535e+09
1.25884,1.43878,1.06535e+09
1.50355,1.81249,1.06535e+09
1.1031,1.62449,1.06535e+09
1.46669,1.29989,1.06535e+09
1.13537,1.22492,1.06535e+09
1.52171,0.936555,1.06535e+09
1.78035,1.53504,1.06535e+09
2.30539,1.70282,0
1.50651,1.87551,1.06535e+09
2.60705,2.43677,0
2.11834,2.57918,0
1.20692,1.39864,1.06535e+09
1.92095,1.94486,0
1.70564,1.84035,1.06535e+09
1.94026,2.48372,0
1.24749,1.67502,1.06535e+09
1.92571,1.60839,1.06535e+09
1.77796,2.08272,0
2.84329,2.13641,0
1.60832,1.00493,1.06535e+09
1.15576,1.81055,1.06535e+09
2.54272,2.20868,0
1.62206,1.92392,1.06535e+09
1.73296,1.25701,1.06535e+09
1.0943,1.33461,1.06535e+09
1.99063,2.48351,0
1.9439,1.12461,1.06535e+09
2.03189,1.91119,0
2.2309,1.98234,0
1.90281,2.56515,0
1.39556,0.940711,1.06535e+09
2.2418,2.24633,0
1.69068,2.57231,0
1.4467,1.44858,1.06535e+09
1.20179,1.35205,1.06535e+09
1.83882,1.55703,1.06535e+09
1.76289,1.46466,1.06535e+09
1.88466,1.86659,0
1.66715,0.634133,1.06535e+09
1.64928,2.31039,0
1.91903,2.45478,0
1.10499,1.549,1.06535e+09
1.76055,1.29616,1.06535e+09
1.95765,2.13979,0
1.45637,1.21745,1.06535e+09
1.3168,1.23303,1.06535e+09
1.60693,1.796,1.06535e+09
2.01666,1.51671,0
1.52096,1.65075,1.06535e+09
1.28144,2.3462,0
1.49262,1.26563,1.06535e+09
1.34039,1.48371,1.06535e+09
1.28799,1.59346,1.06535e+09
1.49693,1.40417,1.06535e+09
2.00389,2.23942,0
2.06255,2.78139,0
1.58938,1.97386,1.06535e+09
1.41713,2.29362,0
1.74443,1.11061,1.06535e+09
1.21211,1.47534,1.06535e+09
1.98178,1.26965,1.06535e+09
1.9803,1.93741,0
1.90446,2.04744,0
2.12662,2.62806,0
1.56349,1.57562,1.06535e+09
1.42016,1.21114,1.06535e+09
2.23635,1.94161,0
1.75409,0.750617,1.06535e+09
2.16705,2.05554,0
1.35496,1.8674,1.06535e+09
1.54003,1.97658,1.06535e+09
1.30081,1.68078,1.06535e+09
1.90266,1.87438,0
1.75477,1.73947,1.06535e+09
1.69069,1.45585,1.06535e+09
2.17807,1.80291,0
1.97767,1.5951,0
1.53087,1.71676,1.06535e+09
1.61216,0.84702,1.06535e+09
1.88853,2.23223,0
1.94804,1.27675,1.06535e+09
1.90258,2.15248,0
2.01797,2.26212,0
1.64231,2.00307,1.06535e+09
1.20351,1.45518,1.06535e+09
1.71639,1.32327,1.06535e+09
2.04824,2.52335,0
1.71062,1.79517,1.06535e+09
1.93477,1.66092,0
1.69418,1.88611,1.06535e+09
1.48807,1.73155,1.06535e+09
1.9232,1.77397,0
1.80883,1.92431,0
1.47751,1.24782,1.06535e+09
1.76665,2.77427,0
1.80293,2.45397,0
1.59494,1.42303,1.06535e+09
1.0602,1.76511,1.06535e+09
1.28835,1.26732,1.06535e+09
2.18604,1.89042,0
1.26276,1.90925,1.06535e+09
2.20905,1.49577,0
0.726593,1.58239,1.06535e+09
1.67054,2.23795,0
1.09354,1.40152,1.06535e+09
1.19502,1.86083,1.06535e+09
1.16607,1.34637,1.06535e+09
1.86546,2.33767,0
1.13569,1.16664,1.06535e+09
2.04661,2.00797,0
2.14236,1.65062,0
1.39933,1.57036,1.06535e+09
2.02365,1.3689,1.06535e+09
1.48676,2.05893,1.06535e+09
1.91818,2.08343,0
2.51835,2.66137,0
1.76887,2.11136,0
1.59952,1.40906,1.06535e+09
2.01165,1.62621,0
1.62072,1.87945,1.06535e+09
1.72282,1.79587,1.06535e+09
1.23972,1.01336,1.06535e+09
1.94818,2.43395,0
1.23676,1.04079,1.06535e+09
1.41707,1.77279,1.06535e+09
1.96894,1.54996,1.06535e+09
1.26577,1.5952,1.06535e+09
2.1113,1.50707,0
2.1641,2.53165,0
2.58566,1.93984,0
1.74814,1.19477,1.06535e+09
1.99322,2.77984,0
2.16759,1.8161,0
1.22117,1.35037,1.06535e+09
2.76727,2.15991,0
2.59629,2.24615,0
2.11262,2.38861,0
2.02304,1.89189,0
1.80858,1.92874,0
1.22478,1.0035,1.06535e+09
1.81673,2.27907,0
2.62632,1.76224,0
1.69774,1.71483,1.06535e+09
1.40063,0.902232,1.06535e+09
1.52325,1.58291,1.06535e+09
1.18836,2.00821,1.06535e+09
2.23881,1.91404,0
1.46098,1.52298,1.06535e+09
2.66965,1.91793,0
2.50375,2.3046,0
1.86071,1.36241,1.06535e+09
2.24395,1.8959,0
0.990302,1.12017,1.06535e+09
1.48888,1.51853,1.06535e+09
1.0623,1.74731,1.06535e+09
1.62124,1.82647,1.06535e+09
1.9641,2.25415,0
2.04556,2.2435,0
1.62905,2.2088,0
2.46206,2.14,0
1.63513,2.50815,0
1.03338,1.23539,1.06535e+09
1.44432,1.16388,1.06535e+09
1.70081,1.379,1.06535e+09
2.08379,1.74338,0
1.614,1.08838,1.06535e+09
1.0732,1.68282,1.06535e+09
1.22628,1.78564,1.06535e+09
1.83396,1.78319,0
1.17277,1.48294,1.06535e+09
1.37159,1.72174,1.06535e+09
0.914988,1.49825,1.06535e+09
1.01638,1.57608,1.06535e+09
1.42536,1.2271,1.06535e+09
1.59894,1.21437,1.06535e+09
1.11843,1.6879,1.06535e+09
1.59893,1.95456,1.06535e+09
1.48618,2.17247,0
1.74078,1.92132,0
2.40505,2.49706,0
1.77093,0.975433,1.06535e+09
2.00474,2.08864,0
2.09133,1.70313,0
1.51973,1.41876,1.06535e+09
1.92573,1.95108,0
1.72377,1.42782,1.06535e+09
2.00402,0.998578,1.06535e+09
1.37988,2.04046,1.06535e+09
2.0992,2.36749,0
1.33537,1.32625,1.06535e+09
1.73988,2.37051,0
1.66111,1.83373,1.06535e+09
0.930478,1.61385,1.06535e+09
1.16836,1.87715,1.06535e+09
2.23273,1.83861,0
1.5907,1.61005,1.06535e+09
1.4883,0.974885,1.06535e+09
1.54937,1.86479,1.06535e+09
1.45146,1.23898,1.06535e+09
1.62453,1.90484,1.06535e+09
1.88649,1.76251,0
1.44472,1.83935,1.06535e+09
1.77415,1.19613,1.06535e+09
1.77437,1.63922,1.06535e+09
1.86595,1.50417,1.06535e+09
2.26251,1.81015,0
1.26215,1.94886,1.06535e+09
1.27821,1.47796,1.06535e+09
1.31761,2.17645,1.06535e+09
1.98037,2.31578,0
2.01381,2.23108,0
2.05264,1.93761,0
1.36187,1.61718,1.06535e+09
1.94059,1.77869,0
1.40681,1.66595,1.06535e+09
1.69186,1.5144,1.06535e+09
2.07986,1.92836,0
1.72664,2.3218,0
1.90052,2.05464,0
1.41228,1.50316,1.06535e+09
1.85914,1.00219,1.06535e+09
1.98164,2.45665,0
1.23194,1.09148,1.06535e+09
1.25907,1.38277,1.06535e+09
1.68717,1.25443,1.06535e+09
1.22174,1.16741,1.06535e+09
1.85169,2.05645,0
1.29312,1.69983,1.06535e+09
2.0061,2.2711,0
1.56183,1.57149,1.06535e+09
1.29981,1.53146,1.06535e+09
2.03532,1.56932,0
1.72438,1.19145,1.06535e+09
1.84031,2.69193,0
0.993323,1.12439,1.06535e+09
1.09761,1.35681,1.06535e+09
1.88021,2.04656,0
1.90937,1.47304,1.06535e+09
2.1083,1.85809,0
1.44375,1.89681,1.06535e+09
1.62991,1.97058,1.06535e+09
1.88502,1.12497,1.06535e+09
1.0751,1.7062,1.06535e+09
2.22037,2.79288,0
1.94668,1.77327,0
1.8806,1.49824,1.06535e+09
2.11438,2.17691,0
2.24679,1.75849,0
2.06903,1.62104,0
1.72228,1.88937,1.06535e+09
1.31432,1.62618,1.06535e+09
2.03136,1.76216,0
2.13665,1.78215,0
1.43906,1.46627,1.06535e+09
1.75189,2.15136,0
1.4877,0.929435,1.06535e+09
1.38097,2.07637,1.06535e+09
1.31815,1.71967,1.06535e+09
2.08564,1.81319,0
2.17437,1.68989,0
1.41533,1.47233,1.06535e+09
2.23315,1.70468,0
1.20399,0.887136,1.06535e+09
2.0617,1.98081,0
1.24902,1.84873,1.06535e+09
1.93437,2.12642,0
1.79,1.04492,1.06535e+09
1.14351,1.61231,1.06535e+09
1.7812,1.72276,1.06535e+09
2.21291,1.52546,0
1.81307,2.11475,0
2.27268,2.38575,0
1.94909,1.37822,1.06535e+09
1.97967,2.0064,0
1.54897,1.89433,1.06535e+09
2.01698,1.61606,0
2.16632,1.73799,0
2.21872,2.20056,0
1.47643,1.81857,1.06535e+09
1.6145,1.97555,1.06535e+09
1.089,1.21425,1.06535e+09
1.29861,1.263,1.06535e+09
2.76353,2.34502,0
1.19116,1.77397,1.06535e+09
0.85477,1.55556,1.06535e+09
1.56503,1.78122,1.06535e+09
1.63892,1.08159,1.06535e+09
1.90238,1.90316,0
2.08639,1.24091,1.06535e+09
2.36845,1.7186,0
1.5998,1.2884,1.06535e+09
1.67451,1.38358,1.06535e+09
1.61865,2.36879,0
1.74986,0.948403,1.06535e+09
1.80132,2.23424,0
2.48413,1.61975,0
1.66173,2.09907,0
1.97831,1.36681,1.06535e+09
1.08898,1.49007,1.06535e+09
1.9056,1.64891,1.06535e+09
1.55954,2.13778,0
2.29159,2.34687,0
2.18579,1.39629,0
1.63491,2.6754,0
1.56463,2.21439,0
1.13024,1.74977,1.06535e+09
2.08045,2.43732,0
1.61005,1.68932,1.06535e+09
1.58964,1.97578,1.06535e+09
1.46896,0.792905,1.06535e+09
2.41116,2.06856,0
1.22213,1.40107,1.06535e+09
1.87996,2.01621,0
2.17123,1.56702,0
1.46858,2.03533,1.06535e+09
2.03521,2.00242,0
2.43335,2.30144,0
1.76181,1.0781,1.06535e+09
1.3217,1.40298,1.06535e+09
2.03833,1.59469,0
1.49329,1.28592,1.06535e+09
1.40257,1.32383,1.06535e+09
1.59196,1.65879,1.06535e+09
1.42159,0.799775,1.06535e+09
2.35066,1.89053,0
2.07927,2.33604,0
1.88048,1.37515,1.06535e+09
2.21497,2.04277,0
1.26194,1.12841,1.06535e+09
1.16713,1.42775,1.06535e+09
1.72648,1.43753,1.06535e+09
1.99127,1.84139,0
2.16466,2.00787,0
2.21624,1.73647,0
2.05126,2.18659,0
1.11066,1.3105,1.06535e+09
1.77717,2.2861,0
1.83173,1.89801,0
2.11331,2.15483,0
2.06658,1.48053,0
1.86507,1.10029,1.06535e+09
1.94883,2.26803,0
2.0765,1.79467,0
2.51937,1.55768,0
1.93206,1.43428,1.06535e+09
1.54103,1.60278,1.06535e+09
1.99471,1.89355,0
1.35153,1.79107,1.06535e+09
0.921203,1.47322,1.06535e+09
2.11925,2.53079,0
2.19204,2.55508,0
1.88785,1.68639,1.06535e+09
1.58757,2.00289,1.06535e+09
1.72911,1.71251,1.06535e+09
1.23263,1.31806,1.06535e+09
1.11796,1.99446,1.06535e+09
1.59975,2.14603,0
1.63286,1.31532,1.06535e+09
1.66122,1.84123,1.06535e+09
2.27671,2.43984,0
2.10414,2.36291,0
2.00694,1.88422,0
2.32092,2.31139,0
2.90448,1.83143,0
1.68941,0.940776,1.06535e+09
2.14732,1.43795,0
1.18148,1.81107,1.06535e+09
2.13378,1.47927,0
1.78462,1.27405,1.06535e+09
1.59671,1.43177,1.06535e+09
1.02624,1.71803,1.06535e+09
1.99334,2.61978,0
2.07347,1.75117,0
1.22297,1.66513,1.06535e+09
1.42269,1.23609,1.06535e+09
2.02088,1.41503,1.06535e+09
1.97183,1.24013,1.06535e+09
1.78678,1.67202,1.06535e+09
1.27387,1.38158,1.06535e+09
1.07829,0.941362,1.06535e+09
1.69724,1.78615,1.06535e+09
1.79587,1.70805,1.06535e+09
0.851091,1.44607,1.06535e+09
1.31831,1.245,1.06535e+09
2.37795,2.10129,0
1.50401,1.62756,1.06535e+09
2.12755,2.01179,0
2.17558,1.34271,0
2.41423,2.39348,0
1.38452,1.07546,1.06535e+09
2.05804,1.84426,0
1.85674,1.66699,1.06535e+09
2.04549,2.10645,0
1.79372,1.92312,0
1.33893,1.76807,1.06535e+09
1.44462,1.58258,1.06535e+09
2.2588,1.49648,0
2.16299,2.0866,0
1.93658,1.46909,1.06535e+09
1.48754,1.52895,1.06535e+09
1.31736,1.4067,1.06535e+09
1.53979,1.53984,1.06535e+09
2.6712,2.09249,0
2.51755,2.26912,0
1.40023,1.47028,1.06535e+09
1.78579,1.2059,1.06535e+09
1.78197,1.18712,1.06535e+09
1.85332,1.23597,1.06535e+09
1.85225,1.4673,1.06535e+09
1.91365,0.849706,1.06535e+09
1.83456,1.90029,0
1.71098,1.89492,1.06535e+09
1.05952,2.34186,1.06535e+09
2.09548,2.36817,0
2.90717,1.81341,0
2.10051,2.11244,0
1.62845,2.13123,0
2.04345,1.8244,0
1.28828,1.40078,1.06535e+09
1.45502,0.820761,1.06535e+09
1.54824,1.83695,1.06535e+09
1.87941,1.5559,1.06535e+09
2.1223,1.62221,0
1.72095,1.6235,1.06535e+09
1.73841,1.37681,1.06535e+09
1.55394,2.44565,0
1.30783,1.47325,1.06535e+09
1.532,1.79239,1.06535e+09
1.46729,1.28481,1.06535e+09
2.25616,2.09221,0
2.33693,1.38276,0
1.9007,2.14179,0
1.77213,2.22315,0
1.14621,1.33539,1.06535e+09
2.29267,1.92338,0
1.78416,2.59227,0
1.92735,1.8458,0
1.4136,2.02706,1.06535e+09
1.97363,2.28187,0
1.71012,1.72446,1.06535e+09
2.57759,2.5539,0
1.66703,1.68247,1.06535e+09
2.38015,1.96985,0
1.65686,1.98241,1.06535e+09
1.89739,1.81792,0
2.38935,1.97981,0
2.03855,2.43466,0
2.28145,1.8871,0
1.88336,1.53304,1.06535e+09
1.40418,1.44796,1.06535e+09
1.28154,1.11483,1.06535e+09
1.85142,1.89843,0
1.52808,1.15064,1.06535e+09
1.75092,2.37605,0
1.70838,1.57068,1.06535e+09
1.9659,1.82046,0
2.23716,2.15226,0
1.5877,1.0723,1.06535e+09
1.978,1.93217,0
1.98442,1.06998,1.06535e+09
1.25838,1.60505,1.06535e+09
2.10826,2.07664,0
2.38734,1.92755,0
1.85236,2.06677,0
1.86629,1.65287,1.06535e+09
1.40805,1.57425,1.06535e+09
1.93008,1.15084,1.06535e+09
1.62288,1.58269,1.06535e+09
1.62724,1.20809,1.06535e+09
1.66865,1.43305,1.06535e+09
1.39096,1.2877,1.06535e+09
1.04152,1.58983,1.06535e+09
1.23713,1.52166,1.06535e+09
1.67437,1.50658,1.06535e+09
2.08611,1.89141,0
1.89882,1.73652,0
1.53711,1.45362,1.06535e+09
1.34287,1.22166,1.06535e+09
1.72815,2.15486,0
1.77416,2.61079,0
2.26174,1.81516,0
1.9321,1.05455,1.06535e+09
1.21478,1.10889,1.06535e+09
2.35012,1.79112,0
1.48137,1.55571,1.06535e+09
2.02964,1.57739,0
1.11797,1.61375,1.06535e+09
2.09959,1.80438,0
2.70227,2.21839,0
2.13138,1.97276,0
2.11263,2.27594,0
1.84775,1.76914,0
1.39097,1.48483,1.06535e+09
1.79621,2.08503,0
1.71382,1.09209,1.06535e+09
2.7296,2.50086,0
1.90726,1.56277,1.06535e+09
1.68668,1.69851,1.06535e+09
1.98501,2.12525,0
1.52095,2.05088,1.06535e+09
1.80633,1.26997,1.06535e+09
1.92628,1.60527,1.06535e+09
2.03814,2.21757,0
2.35821,1.64039,0
1.95988,1.77052,0
1.20718,0.688378,1.06535e+09
2.23923,2.18218,0
1.64656,1.80249,1.06535e+09
1.6912,2.01694,0
2.43249,2.11929,0
1.3113,1.63875,1.06535e+09
1.6519,1.27478,1.06535e+09
1.12345,1.52759,1.06535e+09
2.35076,1.95508,0
2.00902,1.80115,0
0.981594,1.29509,1.06535e+09
1.63292,2.00155,1.06535e+09
2.44551,2.03547,0
1.41061,1.03061,1.06535e+09
1.77617,1.63119,1.06535e+09
2.20362,1.91786,0
1.73741,1.42209,1.06535e+09
1.75338,2.29746,0
2.11748,1.95399,0
1.29941,1.40981,1.06535e+09
1.71262,2.00521,0
1.31141,1.09965,1.06535e+09
1.90965,2.40804,0
1.54145,1.24539,1.06535e+09
1.37396,1.55101,1.06535e+09
1.41691,1.37271,1.06535e+09
1.68421,2.26633,0
2.20776,2.03177,0
2.14913,2.07989,0
1.84087,1.7702,0
1.9368,1.86811,0
2.09071,1.8021,0
1.47828,1.42265,1.06535e+09
1.89148,1.99495,0
1.63668,1.55936,1.06535e+09
2.22723,2.08084,0
1.50234,1.57733,1.06535e+09
1.44436,1.06327,1.06535e+09
1.78177,1.70309,1.06535e+09
1.58638,1.40542,1.06535e+09
2.43276,1.93356,0
1.28836,1.5203,1.06535e+09
1.45474,1.41015,1.06535e+09
1.82482,1.68857,1.06535e+09
2.46942,2.0922,0
1.656,2.13158,0
1.18529,1.68802,1.06535e+09
1.37041,1.4871,1.06535e+09
2.50643,2.06714,0
1.49548,1.49194,1.06535e+09
1.69661,1.44435,1.06535e+09
1.70477,1.17962,1.06535e+09
2.42557,2.09615,0
1.14997,1.46752,1.06535e+09
1.59892,1.47888,1.06535e+09
1.66383,0.354523,1.06535e+09
2.04868,1.6864,0
2.62842,2.04353,0
2.03094,2.32861,0
1.75928,2.37511,0
1.88988,1.8289,0
1.84973,1.87743,0
2.14538,1.91372,0
2.20435,2.15647,0
1.25515,1.14973,1.06535e+09
1.45905,1.84321,1.06535e+09
1.61747,1.58004,1.06535e+09
1.54565,1.17864,1.06535e+09
2.30286,2.03047,0
1.54649,1.71958,1.06535e+09
1.82449,1.9288,0
1.46513,1.33735,1.06535e+09
1.59906,1.36906,1.06535e+09
1.50175,1.55739,1.06535e+09
1.58323,1.82535,1.06535e+09
1.44346,1.20841,1.06535e+09
1.87188,1.6201,1.06535e+09
1.79927,1.93871,0
1.79579,1.75992,1.06535e+09
1.26095,1.09607,1.06535e+09
1.61512,1.97715,1.06535e+09
1.54871,1.67637,1.06535e+09
1.35836,1.54584,1.06535e+09
1.33061,1.24833,1.06535e+09
2.19851,2.15721,0
0.868104,1.08894,1.06535e+09
1.99765,2.11837,0
1.73556,1.52767,1.06535e+09
1.84683,1.94853,0
0.98907,1.8402,1.06535e+09
1.59585,2.02794,1.06535e+09
1.54847,1.73889,1.06535e+09
1.51967,1.6419,1.06535e+09
2.12456,1.739,0
1.70912,1.51634,1.06535e+09
2.18969,2.27781,0
1.43212,1.62024,1.06535e+09
2.11625,2.08425,0
2.08783,2.19253,0
1.39973,1.43952,1.06535e+09
1.91774,1.84674,0
2.26135,1.8552,0
2.03029,1.9151,0
1.14922,1.80221,1.06535e+09
1.65473,2.0623,0
1.57799,1.71049,1.06535e+09
1.40315,1.72472,1.06535e+09
1.78298,1.70554,1.06535e+09
1.33494,1.28192,1.06535e+09
1.50142,1.57207,1.06535e+09
1.53799,1.49127,1.06535e+09
1.5569,2.5692,0
1.86975,2.09797,0
1.61762,1.64812,1.06535e+09
1.56596,1.91919,1.06535e+09
2.28082,1.99216,0
2.4035,2.30352,0
1.20295,1.43951,1.06535e+09
1.63686,1.66455,1.06535e+09
1.66334,1.92245,1.06535e+09
1.95764,2.59183,0
1.26641,1.19603,1.06535e+09
1.1546,1.47789,1.06535e+09
2.28617,2.33548,0
1.96179,1.81735,0
2.54126,1.63919,0
1.708,1.7006,1.06535e+09
2.16974,1.70284,0
2.27539,1.83649,0
1.9197,2.02609,0
1.37672,1.60241,1.06535e+09
1.48285,1.45192,1.06535e+09
1.34173,1.7752,1.06535e+09
2.06165,1.76453,0
1.89926,1.63816,1.06535e+09
1.44971,1.26111,1.06535e+09
1.79667,1.94986,0
1.74132,1.92351,0
1.26218,1.03543,1.06535e+09
1.11492,1.26944,1.06535e+09
1.61658,1.35959,1.06535e+09
1.86757,1.50141,1.06535e+09
1.14445,1.25112,1.06535e+09
1.60773,1.88856,1.06535e+09
1.15722,1.24901,1.06535e+09
1.90016,1.46553,1.06535e+09
1.5664,2.0228,1.06535e+09
1.73474,1.20149,1.06535e+09
1.72222,1.98733,0
1.59311,1.52577,1.06535e+09
2.34591,1.7332,0
1.87456,1.8104,0
1.63181,2.03815,0
0.891276,1.2348,1.06535e+09
1.55433,1.66359,1.06535e+09
2.32656,2.08221,0
2.26412,2.44774,0
2.40115,1.71174,0
1.28841,1.39825,1.06535e+09
1.58065,2.14268,0
1.05721,1.15817,1.06535e+09
2.18262,2.54032,0
2.00491,1.96299,0
1.91109,1.52177,1.06535e+09
1.29862,1.25435,1.06535e+09
1.97463,1.81808,0
2.33054,2.44186,0
2.40406,1.81791,0
1.77717,1.86124,1.06535e+09
2.12379,2.26189,0
1.17394,1.78375,1.06535e+09
2.03447,1.9393,0
1.79071,0.893893,1.06535e+09
1.38075,1.85795,1.06535e+09
2.30458,2.137,0
1.62312,1.64275,1.06535e+09
1.86196,2.15873,0
1.37685,1.70944,1.06535e+09
1.27609,2.32313,0
2.22898,2.44306,0
1.79828,1.89399,0
1.27362,1.85628,1.06535e+09
1.64305,1.80532,1.06535e+09
1.14163,1.94808,1.06535e+09
1.23324,1.6927,1.06535e+09
0.811961,1.81359,1.06535e+09
1.65148,1.74722,1.06535e+09
2.03689,1.84925,0
1.35822,1.80943,1.06535e+09
1.50387,2.36351,0
2.29527,1.80973,0
1.52928,1.24197,1.06535e+09
1.47298,1.9116,1.06535e+09
2.18083,2.1465,0
1.5779,1.53522,1.06535e+09
1.01927,1.69767,1.06535e+09
1.54501,1.39187,1.06535e+09
2.18195,1.01707,1.06535e+09
1.5896,1.4929,1.06535e+09
1.43646,2.16232,1.06535e+09
2.06599,2.39523,0
1.73445,1.71679,1.06535e+09
2.13283,1.9106,0
1.72401,1.67562,1.06535e+09
1.85355,1.53675,1.06535e+09
1.98851,1.8876,0
2.15717,1.64958,0
1.58261,1.20648,1.06535e+09
2.32887,2.02223,0
1.84725,1.76666,0
2.0136,2.2528,0
1.58084,1.31579,1.06535e+09
2.29776,2.20152,0
1.48607,1.41334,1.06535e+09
1.92393,1.54333,1.06535e+09
1.53787,1.08854,1.06535e+09
2.16278,2.5839,0
1.42586,1.41765,1.06535e+09
2.3184,2.49397,0
2.33165,1.68608,0
1.59877,2.03922,1.06535e+09
1.72008,1.50084,1.06535e+09
1.27599,1.39857,1.06535e+09
1.63616,1.22017,1.06535e+09
1.17485,1.25246,1.06535e+09
1.44086,1.56921,1.06535e+09
1.61566,1.80615,1.06535e+09
2.32752,1.63296,0
1.44769,1.31499,1.06535e+09
1.82641,1.72759,1.06535e+09
1.25139,1.25049,1.06535e+09
1.86792,2.04485,0
1.38253,1.69643,1.06535e+09
1.20422,1.1131,1.06535e+09
1.29518,2.07227,1.06535e+09
1.98685,1.46318,1.06535e+09
1.17694,1.16966,1.06535e+09
1.53647,0.875067,1.06535e+09
1.62054,2.17911,0
1.10125,1.42189,1.06535e+09
1.70949,1.42918,1.06535e+09
1.54862,1.56255,1.06535e+09
2.09568,1.55624,0
1.20404,1.71481,1.06535e+09
1.84158,2.23045,0
1.83518,1.55302,1.06535e+09
2.01952,1.97761,0
1.90653,2.19446,0
1.96947,2.02261,0
1.88427,2.10452,0
2.25519,2.08404,0
1.56351,2.24393,0
1.60063,1.67503,1.06535e+09
1.96889,1.88833,0
2.02533,2.74587,0
2.04311,2.02267,0
2.05651,1.96575,0
1.97439,1.63075,0
1.36792,1.6754,1.06535e+09
1.67768,0.959729,1.06535e+09
1.9194,1.95577,0
2.19427,1.66011,0
1.3937,1.07416,1.06535e+09
1.51415,1.60896,1.06535e+09
2.1699,2.02969,0
1.97982,2.00684,0
1.35332,1.79477,1.06535e+09
1.15686,2.01979,1.06535e+09
2.61396,2.02104,0
1.22532,1.93439,1.06535e+09
2.14887,1.6005,0
2.0941,1.754,0
1.18814,1.56472,1.06535e+09
1.62597,0.909514,1.06535e+09
2.0266,1.77446,0
1.64497,2.57491,0
2.25868,1.80681,0
1.72126,1.3865,1.06535e+09
1.365,1.19085,1.06535e+09
1.65708,1.58056,1.06535e+09
1.90322,2.31464,0
1.25199,1.19424,1.06535e+09
1.31583,1.95894,1.06535e+09
1.45748,1.9431,1.06535e+09
1.70342,1.76535,1.06535e+09
2.07767,1.90051,0
2.15433,2.14602,0
2.16285,1.94933,0
2.00941,1.83132,0
1.46215,1.38839,1.06535e+09
1.37335,1.36639,1.06535e+09
1.88347,1.83249,0
1.53605,1.61126,1.06535e+09
1.95696,2.28863,0
1.63674,2.03769,0
1.61667,1.4458,1.06535e+09
2.16013,2.23951,0
1.28768,0.924233,1.06535e+09
1.66179,1.34876,1.06535e+09
2.04303,1.89721,0
2.05563,2.07132,0
1.39323,0.898667,1.06535e+09
1.77372,1.54263,1.06535e+09
1.26728,1.65271,1.06535e+09
1.01699,1.47042,1.06535e+09
1.23385,1.34297,1.06535e+09
1.66521,2.10934,0
1.30964,2.24674,1.06535e+09
2.26649,1.90195,0
2.1221,1.97167,0
1.30303,1.14226,1.06535e+09
1.80418,2.17753,0
1.66271,1.2319,1.06535e+09
1.3379,2.13122,1.06535e+09
1.27385,1.39054,1.06535e+09
2.08546,1.67516,0
2.14189,2.23981,0
1.50364,1.40023,1.06535e+09
1.4916,1.63866,1.06535e+09
1.92182,2.79071,0
2.07844,1.24755,1.06535e+09
1.70053,2.06958,0
1.44353,2.16864,1.06535e+09
1.63366,1.82905,1.06535e+09
1.93307,1.34216,1.06535e+09
1.91496,1.90396,0
1.42369,1.4594,1.06535e+09
1.54282,1.28598,1.06535e+09
1.98688,0.765337,1.06535e+09
1.44132,1.39311,1.06535e+09
1.67592,1.36925,1.06535e+09
1.67634,1.45622,1.06535e+09
1.9484,1.49945,1.06535e+09
2.06953,1.69108,0
1.96106,2.09462,0
1.95023,2.36749,0
1.05265,0.886775,1.06535e+09
1.18381,1.4115,1.06535e+09
2.01932,1.18081,1.06535e+09
1.94275,2.41923,0
1.90509,1.85201,0
1.33507,2.44546,0
1.36819,1.43117,1.06535e+09
2.66416,1.98223,0
1.4964,1.72708,1.06535e+09
1.96146,2.17484,0
1.90968,1.61486,1.06535e+09
1.22116,1.44045,1.06535e+09
1.33231,2.11277,1.06535e+09
1.47812,1.49837,1.06535e+09
1.7774,1.59963,1.06535e+09
1.56192,1.38711,1.06535e+09
2.24043,2.23045,0
1.82711,1.77066,1.06535e+09
1.08385,1.33417,1.06535e+09
1.86813,1.42147,1.06535e+09
1.42633,1.86089,1.06535e+09
2.08995,2.28385,0
1.91743,2.33411,0
2.16324,2.49574,0
1.39345,1.89269,1.06535e+09
1.79094,2.22324,0
1.67752,2.21927,0
1.30266,1.60953,1.06535e+09
2.15057,2.0511,0
2.23617,1.04872,1.06535e+09
1.52317,2.11185,1.06535e+09
2.48669,2.20576,0
1.61171,1.399,1.06535e+09
2.3058,1.93864,0
1.49849,1.31897,1.06535e+09
1.91469,1.50908,1.06535e+09
2.30639,1.69057,0
1.97056,2.22699,0
1.12067,1.24879,1.06535e+09
2.07041,2.49488,0
1.91033,1.78899,0
1.60819,1.54215,1.06535e+09
1.18652,1.39401,1.06535e+09
1.60854,2.14567,0
1.9486,2.18687,0
1.94601,1.2962,1.06535e+09
2.18665,2.05767,0
1.81629,2.66317,0
1.5203,1.8134,1.06535e+09
1.90687,2.14564,0
1.99419,2.02858,0
1.46317,1.71861,1.06535e+09
1.6785,2.06736,0
1.54536,1.74798,1.06535e+09
1.98807,2.08312,0
1.47989,2.17106,0
1.75962,1.61516,1.06535e+09
1.73659,2.40816,0
1.93392,1.61714,0
1.85374,1.13015,1.06535e+09
2.10792,1.51935,0
1.34008,1.70991,1.06535e+09
2.0222,1.29596,1.06535e+09
1.7806,2.26638,0
1.89466,2.14007,0
1.90011,1.78336,0
2.3708,2.11992,0
2.45743,2.10816,0
1.42901,1.43941,1.06535e+09
1.6737,1.94736,1.06535e+09
1.88148,1.50041,1.06535e+09
1.13145,1.43788,1.06535e+09
1.33778,1.56592,1.06535e+09
1.94149,1.01727,1.06535e+09
2.34438,1.97079,0
1.4738,1.27253,1.06535e+09
1.73592,1.02619,1.06535e+09
1.55466,1.11652,1.06535e+09
1.02796,1.55115,1.06535e+09
1.43037,1.00568,1.06535e+09
1.59985,1.85343,1.06535e+09
0.996753,1.1011,1.06535e+09
1.80691,1.71577,1.06535e+09
1.6899,2.181,0
1.44804,1.30889,1.06535e+09
1.29499,1.78324,1.06535e+09
1.90234,1.38439,1.06535e+09
2.27454,2.53931,0
0.927276,1.25885,1.06535e+09
1.69331,1.80994,1.06535e+09
1.48498,1.92672,1.06535e+09
2.2295,1.75944,0
1.87992,1.94282,0
1.60367,1.96314,1.06535e+09
1.40117,1.45994,1.06535e+09
1.33647,1.45509,1.06535e+09
1.4123,2.23365,0
1.9974,2.61427,0
1.79738,1.8998,0
2.24582,2.19865,0
1.66682,1.85928,1.06535e+09
2.1245,2.47066,0
1.81963,2.24164,0
1.85559,1.69295,1.06535e+09
1.58203,1.6241,1.06535e+09
1.27296,1.08138,1.06535e+09
1.818,1.42506,1.06535e+09
2.54463,1.79085,0
2.37137,1.78999,0
2.47026,2.16015,0
2.18247,2.7125,0
1.30149,1.84743,1.06535e+09
1.98514,1.83214,0
1.69787,1.79477,1.06535e+09
2.17792,1.71997,0
2.22065,1.79933,0
2.23845,2.29293,0
1.6978,2.46706,0
2.48969,1.93318,0
1.76624,1.55698,1.06535e+09
1.356,1.65556,1.06535e+09
1.33533,1.08326,1.06535e+09
1.49906,1.6042,1.06535e+09
1.49994,1.82537,1.06535e+09
1.70482,1.83761,1.06535e+09
1.14051,1.48708,1.06535e+09
1.88725,2.87028,0
1.02258,1.37229,1.06535e+09
1.80561,1.24352,1.06535e+09
2.1032,1.94823,0
0.867646,1.34886,1.06535e+09
1.52268,1.53186,1.06535e+09
1.83489,1.80164,0
2.37516,2.21643,0
2.29629,2.1113,0
2.27912,1.35745,0
2.12591,2.52925,0
1.9663,2.08112,0
0.875174,2.22397,1.06535e+09
1.21823,1.43865,1.06535e+09
1.73658,1.30143,1.06535e+09
1.33981,1.11346,1.06535e+09
2.14067,2.19786,0
2.21651,1.9464,0
1.45021,1.43221,1.06535e+09
1.02877,1.03273,1.06535e+09
1.3116,1.13268,1.06535e+09
1.14467,1.23598,1.06535e+09
2.35057,2.09716,0
1.47409,2.11389,1.06535e+09
2.25291,1.32413,0
2.40608,2.41745,0
2.22902,2.20298,0
2.05771,1.65431,0
1.03727,1.24936,1.06535e+09
1.89446,1.03978,1.06535e+09
2.54934,2.36125,0
0.932162,1.61878,1.06535e+09
1.3728,1.5179,1.06535e+09
2.39512,1.89236,0
1.82368,2.29311,0
2.25226,2.56488,0
2.46619,2.20909,0
1.97933,2.24558,0
1.99823,2.06764,0
1.41526,1.57751,1.06535e+09
2.17937,2.07607,0
1.44984,1.85935,1.06535e+09
1.27353,1.99834,1.06535e+09
1.61503,1.42828,1.06535e+09
1.48319,1.57368,1.06535e+09
0.995634,1.16263,1.06535e+09
1.40884,1.00807,1.06535e+09
1.38088,1.69351,1.06535e+09
2.4617,2.07087,0
1.5882,1.14454,1.06535e+09
1.33102,1.26499,1.06535e+09
1.89521,1.34185,1.06535e+09
1.92865,2.10535,0
2.11195,1.42157,0
1.60328,1.73988,1.06535e+09
1.74015,2.18583,0
1.2686,1.66335,1.06535e+09
2.33359,2.06304,0
1.44358,1.65168,1.06535e+09
2.07782,1.73263,0
1.5127,2.09268,1.06535e+09
1.26329,1.68997,1.06535e+09
1.663,1.80079,1.06535e+09
1.99524,2.01248,0
1.54804,1.50964,1.06535e+09
2.22255,1.54438,0
1.97483,1.66183,0
2.04511,2.15103,0
1.98406,2.10618,0
2.74564,2.04407,0
1.72011,1.47738,1.06535e+09
2.09354,1.79372,0
2.25786,1.93076,0
1.42578,2.15003,1.06535e+09
2.31466,1.55993,0
2.16064,2.34984,0
1.42274,1.6617,1.06535e+09
1.93309,1.503,1.06535e+09
1.28914,1.90327,1.06535e+09
1.98512,1.76564,0
1.27904,1.55626,1.06535e+09
1.63973,2.32262,0
1.69002,1.37809,1.06535e+09
1.30837,1.49889,1.06535e+09
1.82004,1.40171,1.06535e+09
1.9364,2.11842,0
1.51749,1.2065,1.06535e+09
2.57994,2.05502,0
1.95331,2.16526,0
1.93132,1.57729,1.06535e+09
1.54268,1.76,1.06535e+09
1.91711,1.6773,0
2.61814,2.27019,0
1.6276,1.04917,1.06535e+09
1.74046,1.40422,1.06535e+09
1.71466,2.09904,0
2.0043,1.72541,0
2.30233,2.3872,0
1.9274,2.90399,0
2.24791,1.35712,0
1.55138,2.12302,0
1.26825,1.61247,1.06535e+09
2.31197,1.52868,0
1.23791,1.88103,1.06535e+09
1.83501,1.94099,0
1.96374,1.89199,0
1.75656,1.50703,1.06535e+09
1.61049,1.29268,1.06535e+09
1.4795,1.782,1.06535e+09
1.81503,1.50038,1.06535e+09
2.05625,1.93404,0
1.27542,1.34183,1.06535e+09
1.9452,1.62197,0
2.60453,1.62321,0
2.34253,1.5466,0
1.97238,1.87192,0
2.02052,1.32468,1.06535e+09
1.82189,2.28517,0
1.80434,1.42234,1.06535e+09
2.23727,1.9124,0
1.61862,2.01943,1.06535e+09
1.59347,1.39366,1.06535e+09
2.10695,1.71435,0
1.65268,1.36359,1.06535e+09
1.35776,1.64216,1.06535e+09
2.14611,2.22283,0
1.56333,2.0564,1.06535e+09
1.43547,1.10111,1.06535e+09
1.82853,1.583,1.06535e+09
1.6533,1.28097,1.06535e+09
1.82326,1.85358,0
1.95211,1.87052,0
1.89023,1.48428,1.06535e+09
1.91873,2.11627,0
2.12691,2.4001,0
1.92545,1.62301,1.06535e+09
2.22825,1.81776,0
1.66372,1.70822,1.06535e+09
2.4143,1.85817,0
2.16881,1.702,0
2.02206,1.93262,0
1.48739,1.6567,1.06535e+09
2.11801,1.82771,0
1.90658,1.70422,0
1.81874,1.98864,0
1.25527,1.46459,1.06535e+09
1.95885,2.26178,0
1.88924,1.05601,1.06535e+09
1.37642,1.90319,1.06535e+09
1.83596,1.14156,1.06535e+09
2.16214,1.77836,0
1.69562,1.28101,1.06535e+09
2.91814,1.56271,0
1.96561,1.95094,0
0.970681,1.47426,1.06535e+09
2.24813,1.49306,0
1.4755,1.85345,1.06535e+09
1.6197,1.71721,1.06535e+09
1.69254,1.1667,1.06535e+09
2.21183,1.85098,0
1.06883,1.48046,1.06535e+09
1.26665,1.42281,1.06535e+09
1.26506,1.14206,1.06535e+09
1.75617,1.40276,1.06535e+09
2.03083,1.8789,0
1.74823,2.08483,0
1.42896,1.3312,1.06535e+09
1.25765,1.28248,1.06535e+09
1.63993,1.99305,1.06535e+09
2.03956,1.49041,0
2.3289,1.18521,0
2.36591,2.38014,0
1.31963,1.07741,1.06535e+09
1.92339,1.81334,0
2.40499,1.72618,0
1.37035,1.10165,1.06535e+09
1.75619,1.59203,1.06535e+09
1.51691,1.64719,1.06535e+09
1.87666,1.39138,1.06535e+09
2.20428,1.99988,0
1.55182,2.45081,0
1.68564,1.72368,1.06535e+09
1.89759,1.33884,1.06535e+09
1.92198,1.84119,0
1.3154,1.82015,1.06535e+09
1.70824,1.45879,1.06535e+09
1.68499,1.55013,1.06535e+09
1.485,1.94201,1.06535e+09
2.01419,1.51558,0
1.69137,2.04719,0
2.2498,2.08794,0
1.04309,1.19144,1.06535e+09
2.06461,1.89439,0
1.56389,1.68589,1.06535e+09
1.39089,1.41317,1.06535e+09
1.11345,1.51575,1.06535e+09
2.0799,2.03334,0
1.60992,2.50316,0
1.87603,1.07151,1.06535e+09
1.61767,0.708779,1.06535e+09
2.00887,1.97779,0
1.32043,1.23664,1.06535e+09
1.26553,1.62787,1.06535e+09
2.38786,1.83691,0
1.46642,1.5037,1.06535e+09
2.26973,2.14367,0
1.4594,1.88656,1.06535e+09
1.77811,1.27595,1.06535e+09
2.06605,2.25897,0
1.81441,1.83155,0
2.74175,1.95594,0
2.62772,2.38763,0
2.37149,2.39561,0
1.71853,1.53704,1.06535e+09
1.40362,2.12894,1.06535e+09
2.2459,2.40395,0
2.40019,2.04298,0
1.47454,1.83107,1.06535e+09
2.28425,1.71644,0
2.33014,2.19842,0
1.48002,1.66037,1.06535e+09
0.660993,1.75373,1.06535e+09
2.34437,2.31978,0
1.36143,1.95043,1.06535e+09
1.15443,1.09662,1.06535e+09
2.21798,2.09148,0
1.47559,1.84289,1.06535e+09
1.99054,2.60645,0
2.15441,2.24037,0
1.92681,1.53108,1.06535e+09
1.80178,1.14795,1.06535e+09
1.3053,1.43733,1.06535e+09
1.89721,1.22627,1.06535e+09
1.83732,2.34569,0
1.91472,1.98452,0
1.28215,1.18943,1.06535e+09
2.07916,1.848,0
1.46187,1.69856,1.06535e+09
1.22707,1.09604,1.06535e+09
2.40374,2.53169,0
1.78709,1.58421,1.06535e+09
1.58082,2.08601,0
1.76067,1.57844,1.06535e+09
1.73954,1.56361,1.06535e+09
1.25827,1.18968,1.06535e+09
1.95697,2.13638,0
1.799,2.23109,0
2.23488,2.02872,0
1.21844,1.32296,1.06535e+09
1.36427,1.01321,1.06535e+09
1.29117,1.19753,1.06535e+09
1.54243,1.73057,1.06535e+09
1.89737,1.64655,1.06535e+09
1.53358,1.93894,1.06535e+09
1.78214,2.1494,0
1.12193,1.74011,1.06535e+09
2.36096,2.31337,0
1.81368,1.99641,0
1.46608,1.78791,1.06535e+09
1.50436,1.33834,1.06535e+09
1.63281,2.25797,0
2.02697,2.1132,0
1.65318,1.73294,1.06535e+09
1.80051,1.00746,1.06535e+09
1.70644,1.52083,1.06535e+09
2.35659,2.35896,0
1.61329,1.6839,1.06535e+09
1.80194,2.28549,0
1.78021,1.22703,1.06535e+09
1.85062,1.80326,0
2.14536,1.69945,0
1.58921,1.21241,1.06535e+09
2.22266,2.07545,0
1.22013,1.0791,1.06535e+09
2.23182,1.23494,0
1.87384,2.08448,0
1.09791,1.64155,1.06535e+09
2.08875,1.45861,0
2.11492,1.96569,0
1.89318,2.01874,0
1.7042,1.85355,1.06535e+09
1.21029,1.48869,1.06535e+09
1.47951,1.70486,1.06535e+09
1.54474,1.73731,1.06535e+09
0.975503,1.86991,1.06535e+09
1.66416,1.71764,1.06535e+09
1.19717,1.52469,1.06535e+09
1.62117,1.38585,1.06535e+09
1.92953,1.08017,1.06535e+09
1.45161,1.12064,1.06535e+09
1.48696,1.29314,1.06535e+09
1.85261,1.59836,1.06535e+09
0.855709,1.35895,1.06535e+09
1.85269,1.86256,0
1.31684,1.11597,1.06535e+09
1.00928,1.75938,1.06535e+09
0.885307,1.32246,1.06535e+09
1.86545,1.46994,1.06535e+09
2.11321,2.41504,0
2.29734,2.43451,0
1.63316,1.77401,1.06535e+09
2.08327,1.36729,1.06535e+09
1.87711,1.39018,1.06535e+09
1.44432,1.14274,1.06535e+09
2.11123,2.21464,0
1.82117,1.64738,1.06535e+09
1.98211,2.02771,0
1.45487,1.73658,1.06535e+09
1.78195,1.91487,0
1.5914,1.20257,1.06535e+09
2.17802,2.29925,0
1.64516,1.71256,1.06535e+09
2.39125,2.41711,0
2.01586,2.47621,0
1.55821,1.48089,1.06535e+09
2.21414,1.63976,0
2.13601,2.21281,0
1.52626,1.15456,1.06535e+09
1.34517,1.73149,1.06535e+09
1.20604,1.58788,1.06535e+09
1.65994,1.28121,1.06535e+09
0.955228,1.19702,1.06535e+09
1.71859,1.16312,1.06535e+09
2.03288,2.06464,0
2.03469,2.39913,0
1.40868,1.0656,1.06535e+09
2.06528,1.80203,0
2.14722,2.2685,0
1.43969,1.28558,1.06535e+09
1.90726,2.20584,0
1.0389,1.26667,1.06535e+09
1.6675,1.87417,1.06535e+09
2.15586,2.12286,0
1.74684,2.06895,0
1.84298,1.90058,0
1.75082,2.14862,0
2.48452,1.76209,0
1.31105,2.72295,0
2.03321,1.81893,0
2.00184,2.08685,0
1.67547,1.66316,1.06535e+09
2.22297,2.14119,0
1.73568,2.21252,0
1.49474,1.51015,1.06535e+09
1.89103,1.13731,1.06535e+09
1.74874,1.026,1.06535e+09
1.7896,1.90634,0
2.32626,2.34279,0
2.58048,1.61753,0
1.52176,1.06871,1.06535e+09
2.32762,1.72189,0
1.1653,1.64551,1.06535e+09
1.12301,2.01658,1.06535e+09
1.99488,1.8348,0
2.28942,2.05084,0
2.16212,1.84622,0
1.56096,1.19571,1.06535e+09
2.08903,1.45419,0
1.6162,1.73568,1.06535e+09
1.75572,1.32634,1.06535e+09
1.64137,2.49838,0
1.76868,1.72915,1.06535e+09
2.35796,1.81885,0
1.78576,2.11235,0
1.35682,2.17527,1.06535e+09
1.68676,2.02615,0
2.75131,2.08559,0
1.63817,2.50102,0
1.79346,1.52375,1.06535e+09
1.85575,1.7794,0
1.61185,1.95265,1.06535e+09
2.0069,2.22643,0
1.98112,1.83753,0
1.18005,1.52766,1.06535e+09
2.22069,1.98323,0
1.61156,1.75534,1.06535e+09
1.82224,1.74037,1.06535e+09
1.98117,2.0504,0
2.04558,2.00019,0
2.13901,1.73744,0
1.97543,1.55034,0
1.99682,1.74439,0
1.49534,1.89121,1.06535e+09
1.77161,2.42813,0
1.7752,1.30193,1.06535e+09
2.40326,2.04134,0
1.65908,1.19325,1.06535e+09
2.11614,1.70051,0
1.69838,1.83803,1.06535e+09
1.9987,1.93522,0
1.54868,1.76598,1.06535e+09
1.6115,1.81003,1.06535e+09
2.49567,2.10756,0
1.40605,1.69158,1.06535e+09
1.58082,1.62605,1.06535e+09
2.02797,1.41016,1.06535e+09
2.39943,1.75173,0
0.489606,1.26648,1.06535e+09
1.37655,1.19925,1.06535e+09
1.51133,1.47443,1.06535e+09
1.9456,1.47505,1.06535e+09
1.48166,1.32425,1.06535e+09
1.62132,1.2582,1.06535e+09
2.483,2.476,0
2.02713,2.35102,0
1.22697,1.55052,1.06535e+09
2.02448,2.26305,0
1.83795,2.1261,0
1.31422,1.058,1.06535e+09
2.79593,1.77161,0
1.60068,1.69992,1.06535e+09
0.375338,1.47578,1.06535e+09
1.68511,2.62416,0
1.55706,2.05997,1.06535e+09
1.4045,1.20184,1.06535e+09
1.47774,1.55167,1.06535e+09
2.0943,2.05474,0
1.63801,1.36006,1.06535e+09
2.14821,1.50635,0
2.00764,2.28062,0
1.39952,1.26621,1.06535e+09
0.986679,0.912254,1.06535e+09
1.80392,1.83124,0
1.46997,1.34049,1.06535e+09
1.56981,1.76463,1.06535e+09
2.26021,1.65607,0
2.1171,2.3456,0
1.90061,1.48425,1.06535e+09
1.19321,0.949783,1.06535e+09
1.63346,1.73289,1.06535e+09
2.32383,1.99567,0
1.86981,2.06259,0
1.75351,1.14362,1.06535e+09
1.56946,1.36908,1.06535e+09
1.23465,1.12752,1.06535e+09
1.90861,1.91592,0
1.21081,1.45157,1.06535e+09
1.99289,1.45644,1.06535e+09
1.54266,1.49513,1.06535e+09
1.76455,1.48335,1.06535e+09
2.308,1.7384,0
2.08572,1.88834,0
2.30066,2.44385,0
1.82407,1.31896,1.06535e+09
1.44677,1.67512,1.06535e+09
1.60829,1.76783,1.06535e+09
1.47725,2.22557,0
0.777233,1.33797,1.06535e+09
1.11858,1.18459,1.06535e+09
1.61612,1.55767,1.06535e+09
1.04777,0.974597,1.06535e+09
1.97348,1.74799,0
1.32393,1.13736,1.06535e+09
2.36261,1.7278,0
1.78838,1.76396,1.06535e+09
1.41322,1.87621,1.06535e+09
2.41791,2.15536,0
2.2963,2.2532,0
1.71969,2.02535,0
1.89486,1.47926,1.06535e+09
1.43377,1.60817,1.06535e+09
1.31754,1.50547,1.06535e+09
1.87751,1.92559,0
2.17542,2.44498,0
1.64081,1.80947,1.06535e+09
1.06548,1.50962,1.06535e+09
2.23395,1.67363,0
1.23217,1.553,1.06535e+09
2.34804,2.56782,0
1.32567,1.76906,1.06535e+09
1.39744,1.16357,1.06535e+09
1.44759,1.09262,1.06535e+09
1.90818,2.11339,0
1.72688,1.84314,1.06535e+09
1.70295,2.13884,0
1.72777,2.08563,0
2.15241,2.24605,0
1.58373,1.31388,1.06535e+09
2.00917,0.94809,1.06535e+09
2.2736,2.18807,0
1.16214,1.61505,1.06535e+09
1.45243,1.72985,1.06535e+09
1.3726,1.47132,1.06535e+09
1.60711,1.79938,1.06535e+09
1.48834,1.35928,1.06535e+09
2.02535,1.70375,0
1.99929,2.38043,0
1.97834,1.50028,1.06535e+09
1.56049,1.88155,1.06535e+09
2.07933,2.05832,0
1.5666,1.61939,1.06535e+09
1.9599,2.08058,0
2.42782,2.27818,0
1.94721,2.15208,0
1.04326,1.83118,1.06535e+09
1.92838,2.08927,0
1.66198,1.41989,1.06535e+09
1.99597,1.5938,0
1.96057,2.20598,0
1.96739,1.73894,0
1.956,2.07198,0
2.53707,1.49826,0
2.12461,1.889,0
1.23528,1.54754,1.06535e+09
2.2548,1.62767,0
1.585,1.78817,1.06535e+09
1.25773,1.39583,1.06535e+09
1.64654,1.37958,1.06535e+09
1.50532,1.62978,1.06535e+09
1.62644,1.38467,1.06535e+09
1.51489,1.71199,1.06535e+09
1.8536,1.905,0
1.5772,1.79295,1.06535e+09
1.73463,1.88973,1.06535e+09
2.60288,1.86725,0
1.53961,1.42957,1.06535e+09
2.04885,1.48349,0
1.46692,1.4904,1.06535e+09
1.36545,1.73547,1.06535e+09
2.1002,1.8467,0
1.54344,2.29645,0
1.90031,1.59825,1.06535e+09
1.2965,1.17503,1.06535e+09
1.40928,1.90191,1.06535e+09
2.21614,2.36584,0
1.06902,1.88276,1.06535e+09
2.3282,1.62531,0
2.42955,2.15053,0
1.59558,2.08095,0
1.5679,1.99764,1.06535e+09
1.30885,1.67275,1.06535e+09
2.22782,2.13275,0
2.76201,2.41598,0
1.88819,1.79184,0
1.94909,1.25929,1.06535e+09
2.02722,1.54351,0
