1.917700 1.975823 0.000000
1.461934 1.571356 1.000000
1.528134 1.450333 1.000000
1.554811 1.503705 1.000000
1.427754 1.528752 1.000000
1.996963 1.878276 0.000000
1.885175 2.120492 0.000000
1.490044 1.580620 1.000000
1.518050 1.476349 1.000000
1.442809 1.497068 1.000000
1.507172 1.482868 1.000000
2.036729 2.132147 0.000000
1.907973 2.020252 0.000000
1.940829 2.095818 0.000000
1.473136 1.426172 1.000000
1.501478 1.496298 1.000000
2.026689 2.039918 0.000000
2.017826 1.952392 0.000000
1.431994 1.443131 1.000000
1.451237 1.473861 1.000000
1.495580 1.457998 1.000000
1.444294 1.574661 1.000000
1.537971 1.522125 1.000000
1.624274 1.507345 1.000000
2.006697 1.980941 0.000000
1.535828 1.507128 1.000000
2.002302 2.038513 0.000000
1.477576 1.556278 1.000000
1.496862 1.508400 1.000000
1.538163 1.573844 1.000000
2.007185 2.003777 0.000000
1.492828 1.522730 1.000000
1.436786 1.479908 1.000000
1.536781 1.497205 1.000000
1.514992 1.547308 1.000000
1.527142 1.491556 1.000000
1.379275 1.535410 1.000000
2.023726 1.941770 0.000000
2.004222 2.124312 0.000000
1.474959 1.538167 1.000000
2.004560 2.054564 0.000000
1.484422 1.532411 1.000000
2.005480 2.010774 0.000000
2.042977 1.988461 0.000000
1.996388 1.976558 0.000000
1.450803 1.472934 1.000000
2.024811 1.933417 0.000000
1.934518 1.966564 0.000000
1.508852 1.443293 1.000000
2.127254 2.057504 0.000000
1.455772 1.481622 1.000000
1.471068 1.454598 1.000000
2.071303 2.046363 0.000000
1.843254 2.056977 0.000000
2.062860 2.048805 0.000000
2.076238 2.018027 0.000000
1.939479 2.021212 0.000000
1.967156 2.075661 0.000000
1.991288 2.021203 0.000000
1.549382 1.518550 1.000000
1.972326 1.963866 0.000000
1.513073 1.374591 1.000000
1.987618 1.934732 0.000000
1.522775 1.463691 1.000000
1.423288 1.505265 1.000000
1.497344 1.517697 1.000000
2.081615 1.988863 0.000000
1.550706 1.611130 1.000000
2.008084 1.966358 0.000000
2.005782 2.066522 0.000000
1.485787 1.497420 1.000000
1.959427 1.917837 0.000000
2.072126 1.988926 0.000000
1.988676 1.905713 0.000000
1.427984 1.499607 1.000000
1.536023 1.560974 1.000000
1.451830 1.482486 1.000000
1.528291 1.450474 1.000000
1.996717 1.989568 0.000000
1.531108 1.509611 1.000000
1.880239 2.057701 0.000000
2.018772 2.045990 0.000000
1.459365 1.432006 1.000000
1.955742 1.952799 0.000000
1.586192 1.465676 1.000000
1.474541 1.461109 1.000000
1.971185 1.961776 0.000000
1.931262 2.000482 0.000000
2.123626 1.992657 0.000000
2.001241 2.081906 0.000000
1.435249 1.468338 1.000000
2.007596 2.000032 0.000000
2.000069 1.953927 0.000000
2.077698 2.034848 0.000000
2.067343 1.969652 0.000000
1.610314 1.498365 1.000000
1.365694 1.498988 1.000000
1.567679 1.569575 1.000000
2.006388 1.932449 0.000000
1.953283 2.004226 0.000000
2.018043 2.012773 0.000000
1.503624 1.481365 1.000000
1.540971 1.533109 1.000000
1.466500 1.538515 1.000000
1.431606 1.495963 1.000000
1.458038 1.514138 1.000000
1.470384 1.492760 1.000000
1.901547 1.983652 0.000000
1.506665 1.534911 1.000000
1.443911 1.547997 1.000000
2.035691 1.939959 0.000000
2.096747 1.936255 0.000000
1.462361 1.601798 1.000000
1.971423 1.930500 0.000000
1.537065 1.552724 1.000000
1.440509 1.467553 1.000000
1.996728 2.052631 0.000000
1.996854 1.972922 0.000000
1.923673 2.056844 0.000000
1.479466 1.597958 1.000000
1.402855 1.548937 1.000000
1.890471 1.978196 0.000000
2.021454 1.942437 0.000000
1.560435 1.454633 1.000000
1.890788 2.039946 0.000000
1.475282 1.509408 1.000000
1.467364 1.529588 1.000000
1.557395 1.553297 1.000000
2.084405 2.011189 0.000000
1.487576 1.437169 1.000000
2.067069 2.126568 0.000000
1.998889 2.103297 0.000000
1.425303 1.575135 1.000000
1.936271 1.941353 0.000000
1.990282 1.990689 0.000000
1.981082 1.960419 0.000000
2.016533 2.061248 0.000000
1.477590 1.494281 1.000000
2.004809 2.093841 0.000000
2.085101 2.050305 0.000000
1.980560 1.922173 0.000000
1.396070 1.483865 1.000000
1.564557 1.487925 1.000000
1.992218 2.027543 0.000000
2.026773 2.058307 0.000000
1.461108 1.629044 1.000000
1.964293 2.018725 0.000000
1.526870 1.508154 1.000000
1.521897 1.495461 1.000000
1.506425 1.572443 1.000000
2.024226 1.949908 0.000000
2.003700 1.882661 0.000000
1.943834 1.966798 0.000000
1.481679 1.408136 1.000000
1.990933 1.912509 0.000000
1.928040 2.047446 0.000000
1.969455 2.046512 0.000000
1.525095 1.508516 1.000000
1.542241 1.530652 1.000000
1.483987 1.440272 1.000000
1.497762 1.465377 1.000000
1.573722 1.451820 1.000000
2.066572 1.958621 0.000000
1.974472 1.991422 0.000000
1.983451 2.023632 0.000000
1.556670 1.447789 1.000000
2.004987 1.997681 0.000000
2.029653 1.953328 0.000000
2.042693 2.015369 0.000000
1.450940 1.473392 1.000000
1.505138 1.479817 1.000000
1.505869 1.500403 1.000000
1.496333 1.488696 1.000000
1.409581 1.490517 1.000000
2.039741 2.048821 0.000000
1.954480 1.973856 0.000000
2.001563 2.009096 0.000000
2.030588 2.032883 0.000000
1.510569 1.535514 1.000000
1.974955 1.979572 0.000000
1.902651 1.930683 0.000000
2.051595 1.987533 0.000000
1.527020 1.474370 1.000000
1.459245 1.473906 1.000000
1.989919 2.024982 0.000000
1.492697 1.554290 1.000000
1.906510 1.911044 0.000000
1.456744 1.400703 1.000000
1.602326 1.503508 1.000000
2.016751 2.018740 0.000000
1.512751 1.465779 1.000000
1.971110 2.062109 0.000000
1.984077 2.007906 0.000000
2.040984 2.067325 0.000000
1.984696 2.018899 0.000000
2.086392 2.110228 0.000000
1.523168 1.456240 1.000000
1.564518 1.450214 1.000000
1.564892 1.496634 1.000000
1.569400 1.507561 1.000000
