1.506203 1.854938 0.000000
1.271605 1.928135 1.000000
1.668806 1.201999 1.000000
1.828868 1.522232 1.000000
1.066525 1.672511 1.000000
1.981775 1.269655 0.000000
1.311053 2.722950 0.000000
1.440264 1.983717 1.000000
1.608298 1.358093 1.000000
1.156856 1.482409 1.000000
1.543032 1.397207 1.000000
2.220372 2.792883 0.000000
1.447835 2.121512 0.000000
1.644972 2.574909 0.000000
1.338819 1.057030 1.000000
1.508867 1.477787 1.000000
2.160134 2.239508 0.000000
2.106954 1.714352 0.000000
1.091962 1.158788 1.000000
1.207424 1.343167 1.000000
1.473477 1.247986 1.000000
1.165764 1.947966 1.000000
1.727823 1.632751 1.000000
2.245642 1.544073 1.000000
2.040182 1.885643 0.000000
1.714967 1.542769 1.000000
2.013814 2.231079 0.000000
1.365455 1.837671 1.000000
1.481169 1.550397 1.000000
1.728978 1.943064 1.000000
2.043107 2.022665 0.000000
1.456966 1.636381 1.000000
1.120719 1.379449 1.000000
1.720686 1.483227 1.000000
1.589954 1.783847 1.000000
1.662849 1.449335 1.000000
0.775649 1.712459 1.000000
2.142356 1.650623 0.000000
2.025334 2.745874 0.000000
1.349754 1.729002 1.000000
2.027361 2.327385 0.000000
1.406531 1.694465 1.000000
2.032878 2.064644 0.000000
2.257864 1.930763 0.000000
1.978327 1.859346 0.000000
1.204821 1.337606 1.000000
2.148868 1.600500 0.000000
1.607110 1.799382 0.000000
1.553112 1.159758 1.000000
2.763526 2.345024 0.000000
1.234630 1.389733 1.000000
1.326411 1.227587 1.000000
2.427817 2.278175 0.000000
1.059524 2.341860 0.000000
2.377160 2.292831 0.000000
2.457426 2.108161 0.000000
1.636875 2.127272 0.000000
1.802934 2.453968 0.000000
1.947726 2.127215 0.000000
1.796294 1.611297 1.000000
1.833959 1.783193 0.000000
1.578437 0.747549 1.000000
1.925709 1.608389 0.000000
1.636652 1.282148 1.000000
1.039729 1.531591 1.000000
1.484063 1.606184 1.000000
2.489690 1.933178 0.000000
1.804233 2.166780 1.000000
2.048505 1.798150 0.000000
2.034695 2.399129 0.000000
1.414721 1.484522 1.000000
1.756562 1.507025 0.000000
2.432757 1.933556 0.000000
1.932057 1.434277 0.000000
1.067902 1.497640 1.000000
1.716138 1.865844 1.000000
1.210980 1.394917 1.000000
1.669745 1.202844 1.000000
1.980302 1.937409 0.000000
1.686646 1.557667 1.000000
1.281436 2.346205 0.000000
2.112630 2.275937 0.000000
1.256191 1.092034 1.000000
1.734449 1.716792 0.000000
2.017152 1.294055 1.000000
1.347249 1.266656 1.000000
1.827110 1.770659 0.000000
1.587570 2.002889 0.000000
2.741753 1.955943 0.000000
2.007448 2.491433 0.000000
1.111496 1.310026 1.000000
2.045578 2.000190 0.000000
2.000414 1.723562 0.000000
2.466190 2.209090 0.000000
2.404061 1.817914 0.000000
2.161884 1.490192 1.000000
0.694164 1.493928 1.000000
1.906076 1.917453 1.000000
2.038329 1.594695 0.000000
1.719695 2.025353 0.000000
2.108258 2.076637 0.000000
1.521746 1.388188 1.000000
1.745824 1.698653 1.000000
1.298999 1.731092 1.000000
1.089638 1.475779 1.000000
1.248226 1.584828 1.000000
1.322303 1.456559 1.000000
1.409283 1.901910 0.000000
1.539990 1.709463 1.000000
1.163468 1.787983 1.000000
2.214145 1.639756 0.000000
2.580483 1.617532 0.000000
1.274164 2.110790 1.000000
1.828535 1.582999 0.000000
1.722391 1.816344 1.000000
1.143055 1.305315 1.000000
1.980368 2.315783 0.000000
1.981121 1.837529 0.000000
1.542040 2.341061 0.000000
1.376798 2.087750 1.000000
0.917130 1.793623 1.000000
1.342829 1.869178 0.000000
2.128721 1.654620 0.000000
1.862607 1.227798 1.000000
1.344731 2.239673 0.000000
1.351692 1.556446 1.000000
1.304184 1.677526 1.000000
1.844369 1.819781 1.000000
2.506429 2.067136 0.000000
1.425453 1.123012 1.000000
2.402412 2.759407 0.000000
1.993335 2.619781 0.000000
1.051816 1.950808 1.000000
1.617623 1.648117 0.000000
1.941693 1.944136 0.000000
1.886492 1.762515 0.000000
2.099198 2.367487 0.000000
1.365537 1.465688 1.000000
2.028851 2.563045 0.000000
2.510609 2.301828 0.000000
1.883360 1.533039 0.000000
0.876417 1.403189 1.000000
1.887340 1.427549 1.000000
1.953306 2.165255 0.000000
2.160640 2.349842 0.000000
1.266648 2.274266 1.000000
1.785759 2.112352 0.000000
1.661222 1.548921 1.000000
1.631379 1.472765 1.000000
1.538550 1.934657 1.000000
2.145358 1.699449 0.000000
2.022197 1.295965 0.000000
1.663002 1.800789 0.000000
1.390075 0.948815 1.000000
1.945599 1.475055 0.000000
1.568237 2.284678 0.000000
1.816732 2.279074 0.000000
1.650571 1.551095 1.000000
1.753447 1.683910 1.000000
1.403922 1.141634 1.000000
1.486571 1.292264 1.000000
1.942331 1.210921 1.000000
2.399430 1.751727 0.000000
1.846831 1.948530 0.000000
1.900704 2.141792 0.000000
1.840023 1.186733 1.000000
2.029924 1.986086 0.000000
2.177916 1.719967 0.000000
2.256159 2.092214 0.000000
1.205641 1.340352 1.000000
1.530829 1.378902 1.000000
1.535212 1.502417 1.000000
1.477995 1.432174 1.000000
0.957485 1.443101 1.000000
2.238448 2.292926 0.000000
1.726881 1.843136 0.000000
2.009379 2.054579 0.000000
2.183527 2.197298 0.000000
1.563415 1.713084 1.000000
1.849727 1.877432 0.000000
1.415909 1.584095 0.000000
2.309572 1.925200 0.000000
1.662123 1.346219 1.000000
1.255473 1.343435 1.000000
1.939515 2.149894 0.000000
1.456180 1.825741 1.000000
1.439060 1.466266 0.000000
1.240463 0.904221 1.000000
2.113959 1.521045 1.000000
2.100507 2.112440 0.000000
1.576504 1.294671 1.000000
1.826660 2.372653 0.000000
1.904464 2.047438 0.000000
2.245905 2.403948 0.000000
1.908178 2.113392 0.000000
2.518351 2.661367 0.000000
1.639008 1.237440 1.000000
1.887109 1.201285 1.000000
1.889353 1.479807 1.000000
1.916398 1.545368 1.000000
