1.949447 2.003295 0.000000
1.479888 1.478080 1.000000
1.992506 1.974453 0.000000
1.518999 1.434582 1.000000
2.025219 1.996615 0.000000
2.061400 2.144797 0.000000
1.922278 1.943681 0.000000
1.509866 1.548165 1.000000
1.515457 1.454644 1.000000
1.902651 1.930683 0.000000
1.538312 1.487717 1.000000
1.517110 1.517753 1.000000
1.990246 1.962794 0.000000
1.504216 1.461570 1.000000
1.478322 1.505374 1.000000
2.013133 2.006374 0.000000
1.508960 1.531419 1.000000
1.492802 1.552502 1.000000
1.498505 1.467818 1.000000
1.894833 1.936914 0.000000
1.993866 1.916328 0.000000
1.424170 1.489071 1.000000
2.087193 1.994152 0.000000
1.985643 2.039692 0.000000
1.496646 1.605523 1.000000
1.492975 1.582759 1.000000
1.609385 1.530923 1.000000
1.400154 1.570119 1.000000
1.531957 1.471558 1.000000
2.027503 2.099563 0.000000
2.037065 2.052724 0.000000
1.506376 1.501436 1.000000
1.483105 1.513231 1.000000
2.021454 1.942437 0.000000
1.469909 1.561661 1.000000
1.495432 1.537229 1.000000
2.056025 2.000682 0.000000
1.517205 1.466508 1.000000
1.479993 1.476770 1.000000
2.082818 2.000946 0.000000
1.559564 1.537993 1.000000
1.911284 1.976283 0.000000
1.548401 1.576846 1.000000
1.989489 2.012391 0.000000
1.419380 1.566726 1.000000
2.011809 1.969332 0.000000
1.997633 2.078802 0.000000
2.013739 1.960639 0.000000
1.914716 2.019199 0.000000
1.547236 1.475443 1.000000
2.042989 2.044092 0.000000
2.005556 2.035943 0.000000
1.487187 1.388512 1.000000
1.970527 2.059257 0.000000
2.017839 2.145600 0.000000
1.929313 2.027151 0.000000
2.086192 1.965676 0.000000
1.989919 2.024982 0.000000
1.994111 2.023341 0.000000
1.569267 1.497826 1.000000
1.952119 2.092627 0.000000
1.526929 1.455814 1.000000
1.437517 1.533170 1.000000
1.468424 1.491617 1.000000
1.970384 1.992760 0.000000
1.564635 1.573781 1.000000
2.015440 2.007453 0.000000
1.968681 1.948709 0.000000
1.476767 1.603293 1.000000
1.950752 1.996976 0.000000
1.533609 1.483340 1.000000
1.518186 1.495694 1.000000
2.003185 2.025334 0.000000
1.427399 1.445847 1.000000
2.090697 2.029328 0.000000
1.927622 1.953897 0.000000
1.488813 1.425687 1.000000
2.017133 2.071085 0.000000
1.464105 1.460959 1.000000
1.961480 2.056509 0.000000
1.529163 1.517450 1.000000
2.096388 2.085262 0.000000
1.985924 2.027170 0.000000
1.900635 2.068940 0.000000
1.528330 1.545311 1.000000
2.110198 2.027697 0.000000
1.491063 1.551675 1.000000
1.534021 1.504707 1.000000
1.955845 2.002512 0.000000
1.936074 2.033308 0.000000
2.112363 2.006003 0.000000
2.029829 2.046762 0.000000
2.056670 1.947789 0.000000
1.556537 1.523990 1.000000
1.504603 1.487759 1.000000
1.461742 1.559651 1.000000
1.547629 1.472670 1.000000
1.551549 1.572153 1.000000
2.001241 2.081906 0.000000
1.398973 1.486379 1.000000
1.499059 1.553195 1.000000
1.520040 1.560836 1.000000
1.548948 1.512467 1.000000
1.936167 2.055649 0.000000
1.991288 2.021203 0.000000
1.536687 1.465828 1.000000
1.473646 1.485793 1.000000
2.078930 2.009920 0.000000
2.040968 2.020604 0.000000
1.563163 1.461389 1.000000
1.555404 1.508676 1.000000
1.918851 1.951899 0.000000
1.923231 1.971013 0.000000
1.973380 2.047544 0.000000
2.017991 1.866894 0.000000
1.546051 1.505158 1.000000
1.447368 1.569622 1.000000
1.890471 1.978196 0.000000
1.532801 1.487237 1.000000
2.007895 1.983603 0.000000
1.464454 1.551213 1.000000
2.142985 2.019037 0.000000
1.491252 1.566615 1.000000
1.484092 1.526930 1.000000
1.461009 1.599372 1.000000
1.951237 1.973861 0.000000
1.520514 1.543984 1.000000
1.482798 1.445723 1.000000
1.890788 2.039946 0.000000
1.523642 1.509202 1.000000
1.494747 1.516124 1.000000
2.051595 1.987533 0.000000
1.464839 1.559299 1.000000
1.980207 2.000347 0.000000
2.071966 2.096894 0.000000
1.432702 1.439794 1.000000
2.000069 1.953927 0.000000
2.005661 1.971522 0.000000
1.512022 1.554514 1.000000
1.443910 1.461503 1.000000
1.435808 1.450494 1.000000
1.495486 1.459062 1.000000
1.416616 1.442693 1.000000
1.983987 1.940272 0.000000
1.507320 1.518612 1.000000
2.065680 1.916272 0.000000
1.494346 1.447881 1.000000
2.045564 2.053772 0.000000
1.537485 1.512971 1.000000
1.422145 1.525362 1.000000
1.949167 2.006829 0.000000
1.970456 1.989352 0.000000
1.603280 1.457845 1.000000
1.981679 1.908136 0.000000
1.974410 2.032313 0.000000
2.042787 1.988113 0.000000
1.959245 1.973906 0.000000
1.501761 1.503895 1.000000
1.459083 1.526942 1.000000
1.973107 1.982748 0.000000
1.480104 1.536553 1.000000
1.552723 1.499748 1.000000
1.510451 1.525268 1.000000
1.954658 2.067977 0.000000
1.456034 1.472954 1.000000
1.528280 1.519071 1.000000
1.928040 2.047446 0.000000
1.964478 2.028347 0.000000
1.974959 2.038167 0.000000
1.547391 1.467235 1.000000
2.003957 1.993566 0.000000
1.414179 1.457010 1.000000
1.499648 1.607703 1.000000
2.013773 2.000869 0.000000
1.469533 1.462305 1.000000
1.533575 1.551908 1.000000
1.573107 1.438672 1.000000
1.567715 1.443231 1.000000
1.506544 1.415776 1.000000
2.065823 1.982198 0.000000
2.029217 2.027363 0.000000
1.535787 1.506384 1.000000
1.554164 1.469875 1.000000
2.023135 2.032960 0.000000
1.514835 1.500788 1.000000
2.062860 2.048805 0.000000
1.479492 1.446749 1.000000
1.564852 1.566820 1.000000
1.981864 1.986892 0.000000
2.048897 1.940314 0.000000
1.418972 1.452901 1.000000
1.486429 1.417999 1.000000
2.070751 1.982254 0.000000
1.981840 1.995937 0.000000
1.943911 2.047997 0.000000
1.994864 1.977068 0.000000
1.552961 1.483068 1.000000
1.529313 1.417328 1.000000
2.011664 1.981736 0.000000
1.578431 1.489263 1.000000
2.045610 2.065283 0.000000
1.971197 1.973586 0.000000
1.451306 1.542791 1.000000
1.546405 1.499955 1.000000
1.490939 1.521346 1.000000
2.044664 1.985938 0.000000
2.052658 2.002572 0.000000
1.961631 2.026546 0.000000
2.059751 2.033568 0.000000
1.580558 1.466594 1.000000
1.923288 2.005265 0.000000
2.008084 1.966358 0.000000
1.996180 1.987203 0.000000
1.537261 1.464106 1.000000
1.530527 1.538134 1.000000
1.512118 1.559168 1.000000
2.081852 1.946507 0.000000
1.529527 1.516646 1.000000
1.611620 1.479928 1.000000
1.990282 1.990689 0.000000
1.486347 1.448785 1.000000
2.069400 2.007561 0.000000
1.971110 2.062109 0.000000
1.296421 1.522562 1.000000
2.030533 2.060869 0.000000
1.510045 1.531563 1.000000
2.030385 1.979462 0.000000
1.563186 1.540981 1.000000
1.444560 1.553037 1.000000
1.989705 2.112062 0.000000
2.074232 1.921802 0.000000
1.935271 1.952334 0.000000
2.068097 1.969241 0.000000
1.427773 1.437630 1.000000
1.459485 1.522980 1.000000
1.484620 1.480507 1.000000
1.441244 1.536317 1.000000
2.031716 2.022901 0.000000
1.488699 1.510673 1.000000
2.064910 2.066566 0.000000
2.011247 1.966843 0.000000
1.434544 1.450348 1.000000
1.472821 1.554401 1.000000
1.511844 1.465819 1.000000
2.010910 1.944180 0.000000
1.591853 1.489261 1.000000
1.534557 1.520133 1.000000
2.059199 2.011845 0.000000
2.022088 2.043563 0.000000
1.986104 2.075902 0.000000
1.550038 1.535225 1.000000
1.386093 1.523795 1.000000
1.408462 1.544258 1.000000
1.961690 1.979107 0.000000
1.487899 1.440057 1.000000
1.524139 1.551913 1.000000
1.580591 1.523068 1.000000
1.970364 2.016311 0.000000
1.508737 1.480139 1.000000
1.524836 1.540821 1.000000
1.517508 1.534891 1.000000
1.569854 1.506371 1.000000
1.936833 2.017592 0.000000
2.027414 1.998364 0.000000
1.448832 1.452853 1.000000
1.547677 1.501795 1.000000
1.985898 2.062626 0.000000
2.014536 1.987941 0.000000
1.405053 1.526857 1.000000
1.511050 1.496404 1.000000
2.063388 1.937605 0.000000
1.510572 1.476812 1.000000
1.565886 1.448333 1.000000
1.992697 2.054290 0.000000
1.981967 2.020604 0.000000
1.486673 1.498260 1.000000
1.553864 1.521820 1.000000
2.042241 2.030652 0.000000
2.068279 1.959375 0.000000
1.972205 2.087677 0.000000
2.067069 2.126568 0.000000
1.465347 1.455610 1.000000
1.936780 2.066899 0.000000
2.006665 2.034911 0.000000
1.495562 1.504417 1.000000
2.047317 2.012251 0.000000
1.961054 2.030679 0.000000
1.907973 2.020252 0.000000
1.528688 1.403510 1.000000
2.013486 2.009578 0.000000
1.564032 1.420156 1.000000
1.405090 1.496635 1.000000
1.452137 1.512781 1.000000
1.459184 1.522661 1.000000
1.562306 1.417121 1.000000
1.350536 1.486724 1.000000
1.515089 1.468274 1.000000
1.956412 1.932463 0.000000
2.048274 2.075810 0.000000
2.004357 1.969407 0.000000
1.979466 2.097958 0.000000
1.542681 1.526050 1.000000
1.964457 2.055807 0.000000
1.996388 1.976558 0.000000
1.939479 2.021212 0.000000
1.501302 1.470375 1.000000
1.482151 1.449142 1.000000
1.990224 2.035942 0.000000
2.008852 1.943293 0.000000
2.012698 2.005716 0.000000
1.973290 1.937730 0.000000
1.497404 1.546991 1.000000
1.490139 1.454563 1.000000
2.070249 1.970498 0.000000
2.004987 1.997681 0.000000
1.543604 1.520816 1.000000
2.057430 2.069844 0.000000
1.488374 1.481527 1.000000
1.487293 1.424036 1.000000
1.426745 1.469235 1.000000
2.011550 1.927296 0.000000
1.991869 1.904513 0.000000
1.987825 2.053902 0.000000
1.531445 1.517174 1.000000
2.046559 1.994301 0.000000
2.021154 1.999436 0.000000
1.958690 1.970321 0.000000
1.492284 1.493231 1.000000
1.966373 1.907660 0.000000
1.504455 1.470023 1.000000
1.513043 1.494469 1.000000
2.007303 2.015888 0.000000
2.000300 1.983229 0.000000
1.543967 1.461778 1.000000
1.431323 1.554354 1.000000
1.520435 1.529051 1.000000
1.916927 2.029444 0.000000
1.589336 1.384352 1.000000
1.474550 1.526696 1.000000
1.512448 1.615942 1.000000
1.417536 1.499815 1.000000
1.966318 1.902510 0.000000
2.073407 2.036260 0.000000
1.501211 1.515852 1.000000
1.446703 1.476461 1.000000
1.477023 1.514077 1.000000
2.085101 2.050305 0.000000
1.531607 1.549565 1.000000
1.997573 2.116311 0.000000
2.000073 2.007340 0.000000
1.430902 1.481210 1.000000
1.927843 1.946771 0.000000
1.392160 1.504197 1.000000
2.030091 1.942198 0.000000
1.879275 2.035410 0.000000
2.004271 1.968372 0.000000
1.865694 1.998988 0.000000
2.061175 2.006366 0.000000
1.419785 1.610511 1.000000
1.456590 1.507513 1.000000
1.586578 1.456137 1.000000
2.015786 1.952999 0.000000
1.986811 1.989791 0.000000
2.019647 1.944113 0.000000
2.031084 2.063203 0.000000
2.076350 1.983562 0.000000
1.464929 1.470331 1.000000
1.965589 1.925342 0.000000
1.456473 1.496038 1.000000
1.432160 1.463167 1.000000
2.041253 1.965906 0.000000
2.003624 1.981365 0.000000
2.117325 1.895959 0.000000
1.529806 1.502916 1.000000
1.501834 1.516401 1.000000
1.503619 1.513014 1.000000
1.486754 1.513003 1.000000
1.958022 1.987151 0.000000
1.973904 1.970196 0.000000
1.553862 1.518425 1.000000
1.937595 2.026346 0.000000
1.567283 1.593831 1.000000
1.963268 1.938090 0.000000
2.006697 1.980941 0.000000
1.493374 1.437262 1.000000
2.112276 1.979323 0.000000
1.923673 2.056844 0.000000
1.471636 1.490889 1.000000
1.479845 1.420921 1.000000
1.453795 1.456346 1.000000
1.551938 1.545356 1.000000
1.912485 2.034396 0.000000
1.984698 1.996219 0.000000
2.010569 2.035514 0.000000
1.437107 1.507253 1.000000
1.993198 2.035507 0.000000
1.983783 1.975918 0.000000
1.524419 1.424360 1.000000
1.451401 1.535604 1.000000
2.030588 2.032883 0.000000
1.466917 1.392084 1.000000
1.393748 1.534823 1.000000
1.572362 1.478398 1.000000
1.517314 1.554082 1.000000
2.043959 1.951913 0.000000
2.005929 1.997313 0.000000
2.084182 2.003682 0.000000
1.944294 2.074661 0.000000
2.048462 1.979307 0.000000
1.959509 1.974630 0.000000
1.452862 1.527289 1.000000
1.447002 1.515702 1.000000
2.022918 1.924783 0.000000
1.538146 1.511747 1.000000
1.933098 1.925360 0.000000
1.510267 1.353108 1.000000
1.578157 1.555996 1.000000
2.074132 1.979163 0.000000
2.110314 1.998365 0.000000
1.557997 1.493557 1.000000
2.026870 2.008154 0.000000
2.125754 2.003185 0.000000
1.542132 1.457721 1.000000
2.009891 2.015876 0.000000
1.393755 1.470959 1.000000
1.975323 1.968734 0.000000
1.484343 1.474115 1.000000
1.573644 1.466882 1.000000
1.455899 1.544298 1.000000
1.524801 1.487223 1.000000
1.967058 2.020798 0.000000
2.043950 2.089932 0.000000
1.520731 1.451901 1.000000
1.991132 1.945855 0.000000
1.976952 2.063893 0.000000
1.927136 1.964086 0.000000
1.977594 1.928585 0.000000
1.926009 2.012410 0.000000
1.430323 1.431630 1.000000
2.004809 2.093841 0.000000
1.469072 1.536938 1.000000
1.506980 1.567763 1.000000
2.073722 1.951820 0.000000
1.455858 1.443878 1.000000
2.064518 1.950214 0.000000
1.501039 1.521238 1.000000
1.482961 1.473404 1.000000
2.010339 2.010866 0.000000
1.996195 2.019769 0.000000
1.988977 1.932228 0.000000
1.532957 1.536796 1.000000
1.477934 1.509397 1.000000
1.946093 1.972508 0.000000
1.973798 2.034322 0.000000
1.448905 1.458199 1.000000
2.023882 1.932645 0.000000
1.973384 1.960767 0.000000
2.060039 2.067014 0.000000
2.010000 2.022279 0.000000
1.980835 1.976111 0.000000
2.010548 1.990244 0.000000
2.050706 2.111130 0.000000
1.896734 2.029681 0.000000
1.952167 2.022131 0.000000
2.071787 1.988248 0.000000
1.352642 1.543813 1.000000
2.091368 2.036147 0.000000
1.634431 1.386481 1.000000
1.963562 2.037296 0.000000
1.571749 1.446647 1.000000
1.497197 1.483932 1.000000
1.985747 2.022948 0.000000
1.487929 1.504396 1.000000
1.977590 1.994281 0.000000
1.929735 2.020088 0.000000
1.992024 1.990625 0.000000
2.004560 2.054564 0.000000
1.554231 1.493833 1.000000
1.448370 1.592387 1.000000
2.009446 2.058653 0.000000
1.558115 1.491651 1.000000
1.934834 2.007616 0.000000
2.075743 1.950058 0.000000
2.001563 2.009096 0.000000
1.526692 1.527083 1.000000
1.450583 1.544085 1.000000
1.562520 1.534041 1.000000
1.927754 2.028752 0.000000
1.504521 1.420015 1.000000
2.009122 2.018418 0.000000
1.955076 2.031935 0.000000
1.967917 2.034326 0.000000
1.498701 1.479659 1.000000
1.512626 1.514291 1.000000
1.997762 1.965377 0.000000
2.138067 2.008371 0.000000
1.917700 1.975823 0.000000
1.459807 1.489796 1.000000
1.500592 1.552082 1.000000
1.433850 1.520748 1.000000
1.494447 1.466647 1.000000
1.439228 1.454153 1.000000
1.503619 1.406092 1.000000
1.546725 1.505839 1.000000
2.050898 1.950470 0.000000
1.501086 1.562585 1.000000
2.101175 2.072795 0.000000
2.019723 2.096530 0.000000
1.451153 1.483107 1.000000
1.986825 1.990810 0.000000
1.950940 1.973392 0.000000
1.990044 2.080620 0.000000
1.457915 1.529171 1.000000
1.987618 1.934732 0.000000
1.962994 2.013786 0.000000
2.140548 2.022735 0.000000
1.518054 1.417487 1.000000
1.442627 1.551758 1.000000
2.090453 2.034779 0.000000
1.937009 1.987320 0.000000
1.538827 1.459502 1.000000
1.432383 1.472435 1.000000
1.998438 2.080585 0.000000
1.573984 1.437436 1.000000
2.005315 1.985198 0.000000
2.038484 1.997057 0.000000
1.983801 2.094191 0.000000
1.482594 1.406785 1.000000
2.040300 2.041055 0.000000
1.948447 2.095385 0.000000
1.491116 1.491429 1.000000
1.450299 1.475341 1.000000
1.973136 1.926172 0.000000
1.543816 1.494110 1.000000
1.980777 1.977765 0.000000
1.527857 1.355689 1.000000
1.941546 2.051731 0.000000
1.986506 2.075796 0.000000
1.434165 1.508167 1.000000
1.543424 1.466026 1.000000
1.992942 2.023299 0.000000
1.492728 1.452909 1.000000
1.469466 1.455505 1.000000
1.517821 1.549333 1.000000
2.002776 1.919452 0.000000
1.503493 1.525125 1.000000
1.880239 2.057701 0.000000
1.498770 1.460939 1.000000
1.473399 1.497286 1.000000
1.464665 1.515577 1.000000
1.499488 1.484029 1.000000
2.000649 2.039903 0.000000
2.010426 2.130232 0.000000
1.931564 1.995643 0.000000
1.902855 2.048937 0.000000
1.540739 1.435102 1.000000
1.452018 1.495890 1.000000
1.996963 1.878276 0.000000
1.996717 1.989568 0.000000
1.984077 2.007906 0.000000
2.021103 2.104676 0.000000
1.510581 1.512603 1.000000
1.486694 1.451856 1.000000
2.039392 1.990269 0.000000
1.542348 1.375103 1.000000
2.027842 2.009257 0.000000
1.475827 1.561233 1.000000
1.923338 1.996096 0.000000
1.466802 1.530130 1.000000
1.983776 1.979064 0.000000
1.542462 1.539912 1.000000
1.531781 1.492642 1.000000
2.029679 1.967152 0.000000
1.996278 1.932516 0.000000
1.505145 1.536127 1.000000
1.518694 1.391170 1.000000
1.981421 2.038705 0.000000
1.574674 1.462792 1.000000
1.983763 2.025413 0.000000
2.002995 2.043687 0.000000
1.940385 2.000512 0.000000
1.450585 1.492531 1.000000
1.536064 1.470545 1.000000
2.008039 2.087225 0.000000
1.535103 1.549196 1.000000
1.572462 1.526821 1.000000
1.949029 1.981019 0.000000
1.498011 1.538592 1.000000
1.987199 1.962328 0.000000
1.968139 1.987386 0.000000
1.496252 1.457970 1.000000
1.961108 2.129044 0.000000
1.967156 2.075661 0.000000
1.515823 1.487172 1.000000
1.426700 1.544185 1.000000
1.464724 1.461221 1.000000
2.031007 1.981736 0.000000
1.460460 1.568208 1.000000
1.618176 1.499295 1.000000
1.371099 1.513732 1.000000
1.945090 2.039658 0.000000
1.432257 1.483587 1.000000
1.449170 1.560138 1.000000
1.444345 1.474395 1.000000
1.977576 2.056278 0.000000
1.439281 1.444440 1.000000
2.007768 2.001328 0.000000
2.023726 1.941770 0.000000
1.899889 1.928393 0.000000
1.587275 1.478149 1.000000
1.914460 2.009822 0.000000
1.569697 1.597239 1.000000
2.086392 2.110228 0.000000
1.961479 2.018559 0.000000
1.516588 1.484844 1.000000
2.001942 1.937701 0.000000
1.936786 1.979908 0.000000
1.953804 1.965978 0.000000
1.456621 1.418894 1.000000
1.991364 2.072326 0.000000
1.456127 1.423466 1.000000
1.486179 1.545465 1.000000
1.578156 1.508326 1.000000
1.460961 1.515868 1.000000
2.018550 1.917846 0.000000
2.027350 2.088608 0.000000
2.097609 1.989974 0.000000
1.541357 1.449129 1.000000
1.998871 2.129973 0.000000
2.027931 1.969350 0.000000
1.453528 1.475062 1.000000
2.127879 2.026652 0.000000
2.099381 2.041025 0.000000
2.018770 2.064768 0.000000
2.003839 1.981982 0.000000
1.551431 1.571456 1.000000
1.454129 1.417251 1.000000
1.969455 2.046512 0.000000
2.104386 1.960374 0.000000
1.949624 1.952472 0.000000
1.483438 1.400372 1.000000
1.503876 1.513817 1.000000
1.448060 1.584702 1.000000
2.039802 1.985674 0.000000
1.493497 1.503830 1.000000
2.111608 1.986322 0.000000
2.083958 2.050767 0.000000
1.560119 1.477069 1.000000
2.040658 1.982650 0.000000
1.415050 1.436695 1.000000
1.498147 1.503088 1.000000
1.427051 1.541218 1.000000
1.520206 1.554412 1.000000
1.994017 2.042358 0.000000
2.007593 2.040584 0.000000
1.521508 1.618133 1.000000
2.077010 2.023333 0.000000
1.939189 2.084691 0.000000
1.422230 1.455898 1.000000
1.490721 1.443981 1.000000
1.533469 1.479834 1.000000
2.013966 1.957230 0.000000
1.519000 1.431397 1.000000
1.428867 1.530469 1.000000
1.454380 1.547606 1.000000
1.972326 1.963866 0.000000
1.445462 1.497157 1.000000
1.478599 1.536957 1.000000
1.402498 1.499708 1.000000
1.419396 1.512680 1.000000
1.487559 1.454516 1.000000
1.516489 1.452395 1.000000
1.436405 1.531317 1.000000
1.516488 1.575761 1.000000
1.497696 1.612078 1.000000
1.956797 1.986888 0.000000
2.067509 2.082844 0.000000
1.545155 1.412572 1.000000
2.000789 2.014774 0.000000
2.015222 1.950521 0.000000
1.503288 1.486460 1.000000
1.987623 1.991847 0.000000
1.537295 1.487970 1.000000
1.584003 1.416430 1.000000
1.896646 2.006743 0.000000
2.016533 2.061248 0.000000
1.472562 1.471042 1.000000
1.956647 2.061751 0.000000
1.526851 1.555623 1.000000
1.405080 1.518975 1.000000
1.444726 1.562859 1.000000
1.622122 1.556434 1.000000
1.515116 1.518342 1.000000
1.498049 1.412481 1.000000
1.924895 1.977465 0.000000
1.491910 1.456496 1.000000
1.520755 1.567473 1.000000
1.981082 1.960419 0.000000
1.490787 1.556559 1.000000
1.545692 1.449355 1.000000
1.545728 1.523204 1.000000
1.977658 1.917362 0.000000
2.043751 1.968358 0.000000
1.460358 1.574809 1.000000
1.463035 1.496327 1.000000
1.886269 2.029408 0.000000
1.996728 2.052631 0.000000
2.002302 2.038513 0.000000
2.008774 1.989602 0.000000
1.476979 1.519530 1.000000
1.990098 1.963115 0.000000
1.484468 1.527658 1.000000
1.531977 1.502400 1.000000
2.013311 1.988061 0.000000
1.954440 2.053634 0.000000
1.983421 2.009107 0.000000
1.485379 1.500527 1.000000
1.559857 1.417032 1.000000
1.996941 2.076109 0.000000
1.455323 1.431913 1.000000
1.459844 1.480461 1.000000
1.531194 1.459071 1.000000
1.453624 1.444568 1.000000
1.975282 2.009408 0.000000
1.465520 1.533306 1.000000
2.001016 2.045184 0.000000
1.926971 1.928582 0.000000
1.466636 1.505244 1.000000
1.589220 1.511554 1.000000
1.537397 1.448575 1.000000
1.973384 2.115322 0.000000
1.415554 1.437398 1.000000
1.432935 1.476135 1.000000
1.980035 2.007761 0.000000
1.568228 1.495507 1.000000
2.018050 1.976349 0.000000
1.907292 1.982801 0.000000
1.521651 1.578429 1.000000
1.564170 1.437494 1.000000
1.429183 1.534367 1.000000
2.036729 2.132147 0.000000
1.991113 1.962212 0.000000
1.563433 1.499706 1.000000
2.019063 2.029485 0.000000
2.041132 1.959749 0.000000
2.011505 1.936841 0.000000
1.953714 1.981562 0.000000
1.469054 1.521030 1.000000
2.005227 1.960360 0.000000
2.022775 1.963691 0.000000
1.906510 1.911044 0.000000
1.958649 2.025226 0.000000
1.497949 1.404906 1.000000
1.480161 1.596061 1.000000
1.469692 1.536612 1.000000
2.014273 1.968864 0.000000
2.029062 1.948316 0.000000
1.485889 1.495388 1.000000
2.038859 1.950780 0.000000
1.450665 1.397856 1.000000
2.010284 1.996802 0.000000
1.458169 1.558122 1.000000
1.989062 2.021069 0.000000
1.548334 1.424153 1.000000
1.440585 1.518718 1.000000
1.963532 1.953793 0.000000
2.035485 1.920910 0.000000
1.968845 2.019125 0.000000
2.045446 2.064292 0.000000
1.574849 1.479703 1.000000
1.996612 2.001067 0.000000
1.508162 1.565722 1.000000
2.002831 1.936010 0.000000
2.027720 1.956332 0.000000
2.036454 2.033427 0.000000
1.496072 1.553094 1.000000
1.935750 1.995925 0.000000
1.431500 1.452374 1.000000
1.466435 1.460499 1.000000
2.127254 2.057504 0.000000
1.448527 1.545661 1.000000
1.392462 1.509260 1.000000
1.510838 1.546870 1.000000
1.523154 1.430266 1.000000
1.567064 1.567193 1.000000
1.597731 1.456818 1.000000
2.061408 1.953100 0.000000
1.516633 1.464733 1.000000
1.529085 1.480597 1.000000
1.936441 2.061465 0.000000
1.541644 1.408067 1.000000
1.966887 2.039040 0.000000
1.664021 1.519957 1.000000
1.943622 2.016512 0.000000
1.579719 1.477802 1.000000
1.431497 1.498345 1.000000
1.984267 1.941485 0.000000
1.926590 2.022963 0.000000
2.048598 2.057812 0.000000
1.614299 1.482715 1.000000
1.939151 2.112566 0.000000
1.927439 2.035731 0.000000
1.438373 1.541628 1.000000
2.013408 2.072887 0.000000
1.518341 1.531554 1.000000
1.931606 1.995963 0.000000
1.494827 1.382151 1.000000
2.068526 2.011427 0.000000
1.453688 1.483512 1.000000
1.979993 2.002702 0.000000
2.028538 1.927837 0.000000
1.911431 2.005889 0.000000
2.005869 2.000403 0.000000
2.072224 2.050240 0.000000
1.543635 1.429684 1.000000
1.470283 1.483831 1.000000
2.006388 1.932449 0.000000
1.498882 1.464320 1.000000
1.483761 1.470638 1.000000
1.931994 1.943131 0.000000
1.486933 1.383296 1.000000
2.058444 1.981755 0.000000
2.013211 2.056007 0.000000
1.563414 1.479193 1.000000
2.035828 2.007128 0.000000
1.460324 1.438068 1.000000
1.444521 1.487959 1.000000
1.537747 1.489587 1.000000
1.998545 1.973566 0.000000
2.027444 2.001312 0.000000
2.036039 1.956078 0.000000
2.008543 2.031098 0.000000
1.435110 1.468416 1.000000
1.962862 2.047683 0.000000
1.971955 1.983001 0.000000
2.018885 2.025805 0.000000
2.011097 1.913421 0.000000
1.560846 1.433381 1.000000
1.991472 2.044672 0.000000
2.012751 1.965779 0.000000
2.086562 1.926279 0.000000
1.988676 1.905713 0.000000
1.506838 1.517131 1.000000
1.999118 1.982258 0.000000
1.891921 1.965179 0.000000
1.403534 1.495536 1.000000
2.019874 2.088464 0.000000
2.032008 2.092513 0.000000
1.981309 1.947732 0.000000
1.931262 2.000482 0.000000
1.954852 1.952085 0.000000
1.455437 1.469677 1.000000
1.436327 1.582411 1.000000
1.933291 2.024339 0.000000
1.522143 1.469220 1.000000
1.526870 1.556872 1.000000
2.046118 2.073306 0.000000
2.017357 2.060484 0.000000
2.001156 1.980704 0.000000
2.053487 2.051898 0.000000
2.150747 1.971905 0.000000
1.531568 1.406796 1.000000
1.607887 1.489659 1.000000
1.446913 1.551845 1.000000
2.022296 1.913211 0.000000
1.547436 1.462342 1.000000
1.516118 1.488628 1.000000
1.421040 1.536338 1.000000
1.998889 2.103297 0.000000
1.595578 1.541861 1.000000
1.453829 1.527522 1.000000
1.487116 1.456014 1.000000
1.586813 1.485838 1.000000
1.578638 1.456688 1.000000
1.547796 1.528669 1.000000
1.462312 1.480263 1.000000
1.429715 1.406894 1.000000
1.532873 1.547691 1.000000
1.549312 1.534675 1.000000
1.391848 1.491011 1.000000
1.469718 1.457499 1.000000
2.062992 2.016881 0.000000
1.500669 1.521261 1.000000
2.021257 2.001965 0.000000
2.029263 1.890452 0.000000
2.069039 2.065581 0.000000
1.480753 1.429243 1.000000
2.009673 1.974043 0.000000
1.559456 1.527832 1.000000
2.007582 2.017742 0.000000
1.965619 1.987186 0.000000
1.473155 1.544678 1.000000
1.490771 1.513764 1.000000
1.626467 1.499413 1.000000
2.027165 2.014434 0.000000
1.572764 1.494848 1.000000
1.497923 1.504826 1.000000
1.469561 1.484451 1.000000
1.506631 1.506641 1.000000
2.111867 2.015415 0.000000
2.086259 2.044853 0.000000
1.483372 1.495047 1.000000
1.547632 1.450983 1.000000
1.546996 1.447854 1.000000
1.558887 1.455994 1.000000
1.975375 1.911216 0.000000
1.568941 1.391618 1.000000
1.972427 1.983382 0.000000
1.951830 1.982486 0.000000
1.843254 2.056977 0.000000
2.015913 2.061362 0.000000
2.151194 1.968902 0.000000
2.016751 2.018740 0.000000
1.938074 2.021872 0.000000
2.007242 1.970733 0.000000
1.464712 1.483464 1.000000
1.492504 1.386793 1.000000
1.508040 1.556159 1.000000
1.979901 1.925983 0.000000
2.020384 1.937035 0.000000
1.953491 1.937250 0.000000
1.539735 1.479468 1.000000
1.925657 2.074274 0.000000
1.467971 1.495541 1.000000
1.505334 1.548732 1.000000
1.494548 1.464134 1.000000
2.042693 2.015369 0.000000
1.639488 1.480459 1.000000
1.983451 2.023632 0.000000
1.962022 2.037191 0.000000
1.441035 1.472564 1.000000
2.048777 1.987230 0.000000
1.964027 2.098711 0.000000
1.987891 1.974300 0.000000
1.485599 1.587843 1.000000
1.995605 2.046978 0.000000
1.951687 1.954077 0.000000
2.096265 2.092317 0.000000
1.527838 1.530412 1.000000
2.063359 1.994975 0.000000
1.942809 1.997068 0.000000
1.982899 1.969654 0.000000
2.064892 1.996634 0.000000
2.006425 2.072443 0.000000
1.630242 1.564517 1.000000
1.980560 1.922173 0.000000
1.484030 1.491327 1.000000
1.463590 1.435804 1.000000
1.558571 1.566404 1.000000
1.504680 1.441774 1.000000
1.958487 2.062675 0.000000
1.534730 1.511780 1.000000
1.994317 1.970076 0.000000
2.039527 2.025377 0.000000
1.514617 1.428716 1.000000
1.996333 1.988696 0.000000
1.580737 1.428331 1.000000
1.459730 1.517508 1.000000
2.018043 2.012773 0.000000
2.064557 1.987925 0.000000
1.975394 2.011128 0.000000
1.977715 1.942145 0.000000
1.484675 1.512376 1.000000
1.571679 1.441807 1.000000
1.520480 1.513781 1.000000
1.521207 1.451348 1.000000
1.528108 1.488841 1.000000
1.481827 1.464616 1.000000
1.423587 1.514972 1.000000
1.456188 1.503610 1.000000
1.529061 1.501097 1.000000
1.597684 1.565234 1.000000
1.983137 1.956087 0.000000
1.506184 1.492270 1.000000
1.473812 1.453610 1.000000
1.954692 2.025811 0.000000
1.962361 2.101798 0.000000
2.043623 1.969193 0.000000
1.572017 1.425759 1.000000
1.452463 1.434815 1.000000
2.058353 1.965187 0.000000
1.496895 1.509286 1.000000
1.588274 1.512899 1.000000
1.436328 1.518958 1.000000
2.016598 1.967397 0.000000
2.117044 2.036398 0.000000
2.021897 1.995461 0.000000
2.018772 2.045990 0.000000
1.974625 1.961523 0.000000
1.481829 1.497471 1.000000
1.966035 2.014172 0.000000
1.535636 1.432016 1.000000
2.121600 2.083477 0.000000
1.984542 1.927128 0.000000
1.531113 1.533085 1.000000
1.997501 2.020875 0.000000
1.503492 1.591813 1.000000
1.551055 1.461662 1.000000
1.987713 1.934212 0.000000
2.006356 2.036261 0.000000
2.059702 1.940064 0.000000
1.993314 1.961753 0.000000
1.451197 1.364730 1.000000
2.039872 2.030364 0.000000
1.524426 1.550416 1.000000
1.531866 1.586157 1.000000
2.072082 2.019881 0.000000
1.468550 1.523126 1.000000
1.525316 1.462464 1.000000
1.437241 1.504599 1.000000
2.058460 1.992513 0.000000
2.001503 1.966859 0.000000
1.413599 1.465848 1.000000
1.938819 2.000258 0.000000
2.074252 2.005911 0.000000
1.485102 1.421768 1.000000
1.962695 1.938532 0.000000
2.033937 1.986311 0.000000
1.539569 1.487015 1.000000
1.958896 2.049576 0.000000
2.019580 1.992331 0.000000
1.466568 1.484969 1.000000
1.952104 2.000868 0.000000
1.468568 1.433275 1.000000
1.984941 2.068007 0.000000
1.506909 1.457564 1.000000
1.478994 1.508502 1.000000
1.486152 1.478785 1.000000
1.530702 1.627721 1.000000
2.034626 2.005296 0.000000
2.024855 2.013314 0.000000
1.973478 1.961699 0.000000
1.572800 1.561352 1.000000
2.015119 1.967017 0.000000
1.496380 1.487108 1.000000
1.981913 1.999158 0.000000
1.939446 1.926560 0.000000
2.037871 2.013473 0.000000
1.500391 1.512889 1.000000
1.490727 1.427211 1.000000
1.546961 1.533849 1.000000
1.514396 1.484237 1.000000
2.072126 1.988926 0.000000
1.464727 1.503383 1.000000
1.492456 1.485025 1.000000
1.970803 1.948095 0.000000
2.078237 2.015367 0.000000
1.526000 1.605264 1.000000
1.447548 1.531337 1.000000
1.478401 1.497850 1.000000
2.084405 2.011189 0.000000
1.499247 1.498656 1.000000
1.532769 1.490725 1.000000
1.534128 1.446604 1.000000
2.070928 2.016026 0.000000
1.441661 1.494587 1.000000
1.516486 1.496479 1.000000
1.527305 1.309087 1.000000
2.008112 1.947733 0.000000
2.104737 2.007255 0.000000
2.005156 2.054768 0.000000
1.959880 2.062518 0.000000
1.564980 1.554817 1.000000
1.974955 1.979572 0.000000
2.024230 1.985620 0.000000
2.034058 2.026078 0.000000
1.459191 1.441622 1.000000
1.493175 1.557202 1.000000
1.519578 1.513339 1.000000
1.507608 1.446439 1.000000
2.050476 2.005078 0.000000
1.507749 1.536596 1.000000
1.970748 1.988134 0.000000
1.494188 1.472891 1.000000
1.516510 1.478177 1.000000
1.500292 1.509565 1.000000
1.513872 1.554224 1.000000
1.490577 1.451401 1.000000
1.978648 1.936683 0.000000
1.966544 1.989785 0.000000
1.965966 1.959987 0.000000
1.460158 1.432679 1.000000
1.519187 1.579525 1.000000
1.508118 1.529394 1.000000
1.476394 1.507640 1.000000
1.471768 1.458055 1.000000
2.033084 2.026202 0.000000
1.394684 1.431491 1.000000
1.999608 2.019728 0.000000
1.539259 1.504612 1.000000
1.974472 1.991422 0.000000
1.414845 1.556701 1.000000
1.932641 2.004657 0.000000
1.924744 1.956481 0.000000
1.919946 1.940317 0.000000
2.020761 1.956499 0.000000
1.951520 1.919391 0.000000
2.031615 2.046302 0.000000
1.488687 1.520041 1.000000
2.019375 2.014041 0.000000
2.014638 2.032089 0.000000
1.483289 1.489919 1.000000
1.569623 1.557790 1.000000
2.043558 1.975867 0.000000
2.005048 1.985850 0.000000
1.441537 1.550369 1.000000
1.525788 1.593716 1.000000
1.512999 1.535083 1.000000
1.483859 1.537453 1.000000
1.547164 1.534256 1.000000
1.472490 1.463654 1.000000
1.500236 1.512012 1.000000
1.506332 1.498544 1.000000
1.926151 2.094867 0.000000
1.978292 2.016328 0.000000
1.936271 1.941353 0.000000
1.510992 1.569865 1.000000
2.046803 1.998694 0.000000
2.067250 2.050587 0.000000
1.450491 1.489918 1.000000
1.522810 1.527425 1.000000
1.943890 1.987076 0.000000
1.992941 2.098639 0.000000
1.461068 1.449339 1.000000
1.442433 1.496315 1.000000
2.047695 2.055914 0.000000
1.993632 1.969558 0.000000
2.090210 1.939864 0.000000
1.534667 1.533433 1.000000
2.028291 1.950474 0.000000
2.045898 1.972748 0.000000
1.986616 2.004349 0.000000
1.479453 1.517069 1.000000
1.497142 1.491987 1.000000
1.473621 1.545867 1.000000
2.010274 1.960755 0.000000
1.983210 1.939694 0.000000
1.491618 1.460186 1.000000
1.549445 1.574977 1.000000
1.540220 1.570585 1.000000
1.460363 1.422571 1.000000
1.435821 1.461573 1.000000
1.519430 1.476598 1.000000
1.561262 1.500235 1.000000
1.440741 1.458521 1.000000
1.517955 1.564761 1.000000
1.442870 1.458168 1.000000
1.983360 1.910921 0.000000
1.927733 2.003799 0.000000
1.539123 1.450248 1.000000
1.953703 1.997888 0.000000
1.515518 1.504294 1.000000
2.057651 1.955534 0.000000
1.979093 1.968400 0.000000
1.938635 2.006358 0.000000
1.398546 1.455801 1.000000
1.509055 1.527265 1.000000
2.054427 2.013701 0.000000
2.044020 2.074623 0.000000
2.066858 1.951956 0.000000
1.464735 1.483041 1.000000
1.930108 2.023779 0.000000
1.426201 1.443028 1.000000
2.030436 2.090053 0.000000
2.000819 1.993831 0.000000
1.568516 1.503628 1.000000
1.466438 1.459059 1.000000
1.995771 1.969681 0.000000
2.055089 2.073643 0.000000
2.067343 1.969652 0.000000
1.546196 1.560207 1.000000
2.020631 2.043648 0.000000
1.445657 1.547291 1.000000
2.005744 1.989883 0.000000
1.548451 1.398982 1.000000
1.480125 1.559658 1.000000
2.050763 2.022833 0.000000
1.520519 1.523792 1.000000
1.976994 2.026455 0.000000
1.479475 1.534907 1.000000
1.879348 2.053855 0.000000
2.038163 2.073844 0.000000
1.966380 1.982332 0.000000
1.462269 1.559381 1.000000
1.940509 1.967553 0.000000
1.440272 1.574679 1.000000
1.455540 1.532116 1.000000
1.385327 1.552264 1.000000
1.525246 1.541203 1.000000
1.589482 1.558209 1.000000
1.476370 1.551571 1.000000
1.917312 2.060585 0.000000
2.049211 1.968289 0.000000
1.504880 1.456995 1.000000
1.495497 1.568600 1.000000
2.030139 2.024416 0.000000
1.512984 1.505870 1.000000
1.419879 1.532945 1.000000
1.507502 1.481978 1.000000
1.613658 1.419511 1.000000
1.514934 1.498816 1.000000
1.906076 2.027053 0.000000
2.010999 2.065872 0.000000
1.955742 1.952799 0.000000
2.022139 1.985100 0.000000
1.537336 1.529270 1.000000
1.558925 1.506125 1.000000
1.998085 1.981266 0.000000
2.026195 1.941597 0.000000
1.513768 1.451081 1.000000
2.054811 2.003705 0.000000
1.974541 1.961109 0.000000
2.002267 2.042134 0.000000
1.513474 1.469299 1.000000
2.049626 2.033586 0.000000
1.497678 1.485557 1.000000
1.570655 1.507221 1.000000
1.506311 1.431424 1.000000
2.027129 2.097317 0.000000
1.487643 1.486275 1.000000
2.053066 2.082328 0.000000
2.055274 1.947681 0.000000
1.933129 2.006537 0.000000
1.953347 1.916806 0.000000
1.462664 1.483096 1.000000
1.522693 1.453361 1.000000
1.445809 1.458744 1.000000
1.490143 1.511534 1.000000
1.935944 1.967691 0.000000
2.054587 1.938827 0.000000
1.491282 1.469165 1.000000
1.971068 1.954598 0.000000
1.458565 1.458415 1.000000
1.561320 1.590808 1.000000
1.480422 1.532738 1.000000
1.450704 1.435516 1.000000
1.882530 2.012046 0.000000
1.581142 1.493862 1.000000
1.446156 1.444944 1.000000
1.506078 1.395844 1.000000
1.936757 2.029851 0.000000
1.433541 1.486981 1.000000
1.534916 1.488197 1.000000
1.508104 1.510425 1.000000
1.599280 1.509374 1.000000
1.450673 1.535802 1.000000
1.973597 2.038409 0.000000
1.555863 1.508837 1.000000
2.003253 1.996269 0.000000
1.984422 2.032411 0.000000
1.994912 2.003769 0.000000
1.980712 2.017420 0.000000
2.042531 2.014008 0.000000
1.510584 1.623988 1.000000
1.933438 1.945838 0.000000
1.994816 1.981389 0.000000
2.004222 2.124312 0.000000
2.007185 2.003777 0.000000
2.009419 1.994291 0.000000
1.995731 1.938458 0.000000
1.477986 1.529233 1.000000
1.529613 1.409955 1.000000
1.986567 1.992628 0.000000
1.615711 1.526685 1.000000
1.482284 1.429027 1.000000
1.502358 1.518160 1.000000
2.028317 2.004948 0.000000
1.996637 2.001141 0.000000
1.475553 1.549128 1.000000
1.442811 1.586632 1.000000
2.102326 2.003508 0.000000
1.454219 1.572398 1.000000
2.024811 1.933417 0.000000
2.015683 1.959001 0.000000
1.448023 1.510786 1.000000
1.520995 1.401586 1.000000
2.004433 1.962410 0.000000
1.940829 2.095818 0.000000
2.043113 1.967801 0.000000
1.536877 1.481083 1.000000
1.477500 1.448475 1.000000
1.526181 1.513426 1.000000
1.983869 2.052440 0.000000
1.458665 1.449041 1.000000
1.469306 1.576489 1.000000
1.909581 1.990517 0.000000
1.533903 1.544226 1.000000
2.012944 1.983419 0.000000
2.025721 2.024336 0.000000
2.027142 1.991556 0.000000
2.001569 1.971886 0.000000
1.493692 1.481399 1.000000
1.478891 1.477731 1.000000
1.563912 1.555415 1.000000
1.506008 1.518543 1.000000
1.992827 2.048105 0.000000
1.939457 2.006281 0.000000
1.519446 1.490966 1.000000
2.026689 2.039918 0.000000
1.464614 1.404039 1.000000
1.526964 1.474794 1.000000
2.007172 1.982868 0.000000
2.009271 2.011886 0.000000
1.482205 1.399778 1.000000
1.545620 1.507105 1.000000
1.461213 1.525452 1.000000
1.419498 1.495070 1.000000
1.455642 1.473828 1.000000
1.944201 2.018223 0.000000
1.468274 1.624456 1.000000
2.044415 1.983658 0.000000
2.020350 1.995279 0.000000
1.467171 1.440377 1.000000
1.967364 2.029588 0.000000
1.527118 1.455316 1.000000
1.472983 1.605202 1.000000
1.462308 1.481757 1.000000
2.014244 1.945860 0.000000
2.023649 2.039968 0.000000
1.500607 1.483371 1.000000
1.498599 1.523110 1.000000
1.986970 2.131784 0.000000
2.013073 1.874591 0.000000
1.950087 2.011597 0.000000
1.907256 2.028107 0.000000
1.522277 1.554841 1.000000
1.572178 1.473693 1.000000
1.985827 1.983994 0.000000
1.487281 1.493233 1.000000
1.507136 1.464331 1.000000
1.581146 1.377556 1.000000
1.490220 1.482184 1.000000
1.529320 1.478208 1.000000
1.529390 1.492704 1.000000
1.574734 1.499908 1.000000
2.011588 1.948513 0.000000
1.993509 2.015770 0.000000
1.991705 2.061249 0.000000
1.425442 1.397796 1.000000
1.447302 1.485251 1.000000
1.586554 1.446802 1.000000
1.990458 2.069872 0.000000
1.984182 1.975335 0.000000
1.889177 2.074244 0.000000
1.478032 1.488529 1.000000
2.110694 1.997038 0.000000
1.499400 1.537846 1.000000
1.993576 2.029140 0.000000
1.568280 1.519144 1.000000
1.453527 1.490076 1.000000
1.472052 1.602128 1.000000
1.496354 1.499728 1.000000
1.546234 1.516605 1.000000
1.510319 1.481186 1.000000
2.040072 2.038408 0.000000
1.971185 1.961776 0.000000
1.430641 1.472362 1.000000
1.978023 1.903578 0.000000
1.487721 1.560148 1.000000
2.014992 2.047308 0.000000
1.986237 2.055684 0.000000
2.027206 2.082623 0.000000
1.482242 1.565448 1.000000
1.965156 2.037206 0.000000
1.946253 2.036545 0.000000
1.467109 1.518255 1.000000
2.025095 2.008516 0.000000
2.039362 1.841453 0.000000
1.920528 2.018642 0.000000
2.081115 2.034294 0.000000
1.518619 1.483167 1.000000
2.050966 1.989774 0.000000
1.499748 1.469829 1.000000
1.569115 1.501514 1.000000
2.051065 1.948428 0.000000
1.995093 2.037831 0.000000
1.436778 1.458132 1.000000
2.011736 2.082480 0.000000
1.985055 1.964832 0.000000
1.518032 1.507025 1.000000
1.447754 1.482336 1.000000
1.934757 2.024278 0.000000
1.991433 2.031145 0.000000
1.574335 1.466034 1.000000
2.031108 2.009611 0.000000
1.969381 2.110528 0.000000
1.503384 1.552233 1.000000
1.984479 2.024274 0.000000
1.999032 2.004763 0.000000
1.493862 1.536435 1.000000
1.946417 2.011226 0.000000
1.507560 1.541330 1.000000
1.998011 2.013853 0.000000
1.496648 1.611843 1.000000
1.959937 1.935861 0.000000
1.956098 2.068027 0.000000
1.988986 1.936190 0.000000
1.558957 1.438358 1.000000
2.017987 1.919892 0.000000
1.473346 1.534985 1.000000
2.003700 1.882661 0.000000
1.963433 2.044397 0.000000
1.982443 2.023344 0.000000
1.983351 1.963894 0.000000
2.061800 2.019986 0.000000
2.076238 2.018027 0.000000
1.488168 1.489902 1.000000
1.945617 1.991227 0.000000
1.563580 1.500068 1.000000
1.438575 1.489646 1.000000
1.472963 1.510987 1.000000
1.573582 1.419545 1.000000
2.057397 1.995132 0.000000
1.495633 1.462089 1.000000
1.539320 1.421032 1.000000
1.509110 1.436087 1.000000
1.421327 1.508526 1.000000
1.488395 1.417613 1.000000
1.516642 1.558905 1.000000
1.416125 1.433516 1.000000
1.551152 1.535961 1.000000
1.948317 2.030167 0.000000
1.491339 1.468149 1.000000
1.465831 1.547206 1.000000
1.567057 1.480731 1.000000
2.045757 2.089885 0.000000
1.404546 1.459809 1.000000
1.948885 1.968324 0.000000
1.497496 1.571120 1.000000
2.038249 1.959906 0.000000
1.979987 1.990471 0.000000
1.517279 1.577191 1.000000
1.483528 1.493324 1.000000
1.472745 1.492515 1.000000
1.902050 2.038942 0.000000
1.999567 2.102378 0.000000
1.966230 1.983299 0.000000
2.040971 2.033109 0.000000
1.944470 1.976547 0.000000
2.020749 2.078444 0.000000
1.969939 2.040272 0.000000
1.559264 1.532158 1.000000
1.513672 1.520684 1.000000
1.462160 1.430229 1.000000
1.553000 1.487509 1.000000
2.090771 1.965142 0.000000
1.645229 1.548331 1.000000
2.078377 2.026692 0.000000
2.030411 2.118749 0.000000
1.466916 1.557906 1.000000
1.997524 1.972023 0.000000
1.949645 1.965795 0.000000
2.029653 1.953328 0.000000
2.036775 1.966555 0.000000
2.039741 2.048821 0.000000
1.949634 2.077844 0.000000
2.081615 1.988863 0.000000
1.544373 1.509497 1.000000
1.476000 1.525927 1.000000
1.472555 1.430544 1.000000
1.499844 1.517366 1.000000
1.916657 1.970896 0.000000
1.950803 1.972934 0.000000
1.440086 1.497846 1.000000
1.981209 2.145046 0.000000
1.420429 1.478715 1.000000
1.550935 1.457254 1.000000
2.017200 1.991372 0.000000
1.394608 1.474810 1.000000
1.503780 1.505310 1.000000
1.972481 1.966940 0.000000
2.062527 2.036072 0.000000
2.049382 2.018550 0.000000
1.629854 1.476242 1.000000
2.020985 2.088209 0.000000
1.994383 2.013519 0.000000
1.395862 1.620661 1.000000
1.453038 1.489775 1.000000
1.539429 1.466906 1.000000
1.473302 1.435576 1.000000
2.023445 2.032976 0.000000
2.036085 1.991066 0.000000
1.491701 1.488702 1.000000
1.421461 1.422121 1.000000
1.468600 1.438780 1.000000
1.440778 1.455996 1.000000
2.058429 2.016192 0.000000
1.912349 2.018981 0.000000
2.042152 1.887355 0.000000
2.067679 2.069575 0.000000
2.038170 2.033830 0.000000
1.592952 1.525718 1.000000
1.422878 1.458228 1.000000
1.565744 1.423296 1.000000
2.091557 2.060208 0.000000
1.822027 1.936464 0.000000
1.478799 1.502983 1.000000
2.065854 1.982060 0.000000
1.970613 2.048851 0.000000
2.042043 2.094147 0.000000
2.077698 2.034848 0.000000
1.996555 2.040930 0.000000
1.999706 2.011273 0.000000
1.485877 1.512919 1.000000
2.029895 2.012678 0.000000
1.491640 1.559891 1.000000
1.462255 1.583056 1.000000
1.519172 1.488047 1.000000
1.497198 1.512279 1.000000
1.415939 1.443771 1.000000
1.484806 1.418012 1.000000
1.480147 1.532253 1.000000
2.076951 2.011811 0.000000
1.931367 1.857424 0.000000
1.471836 1.460831 1.000000
1.565868 1.473642 1.000000
1.988109 2.017559 0.000000
2.018658 1.903596 0.000000
1.517213 1.539979 1.000000
1.956692 2.030971 0.000000
1.461433 1.527225 1.000000
2.055598 2.010507 0.000000
1.490597 1.525281 1.000000
2.012970 1.955438 0.000000
1.918784 2.015447 0.000000
1.460549 1.531661 1.000000
1.943834 1.966798 0.000000
1.999207 2.002080 0.000000
1.508007 1.501606 1.000000
2.037092 1.924063 0.000000
1.579139 1.526971 1.000000
2.007518 2.025171 0.000000
1.997344 2.017697 0.000000
2.124274 2.007345 0.000000
1.536686 1.496230 1.000000
2.015591 1.965621 0.000000
2.042977 1.988461 0.000000
1.904296 2.025004 0.000000
2.052444 1.926656 0.000000
2.026773 2.058307 0.000000
1.487124 1.526949 1.000000
1.572182 1.500500 1.000000
1.464857 1.567212 1.000000
1.997520 1.960940 0.000000
1.463173 1.509376 1.000000
1.939955 2.053770 0.000000
1.531669 1.479681 1.000000
1.468062 1.499814 1.000000
1.553340 1.483619 1.000000
1.572733 1.603070 1.000000
1.502915 1.451084 1.000000
2.096657 2.009171 0.000000
1.992218 2.027543 0.000000
1.988554 1.929548 0.000000
1.507113 1.543334 1.000000
1.569518 1.529549 1.000000
2.103024 2.045032 0.000000
1.521266 1.424862 1.000000
1.956744 1.900703 0.000000
1.952443 2.016507 0.000000
1.584050 1.537568 1.000000
2.050388 2.064533 0.000000
1.987901 2.150665 0.000000
1.624652 1.476186 1.000000
1.508563 1.603836 1.000000
1.461375 1.518745 1.000000
2.051995 1.921446 0.000000
1.456318 1.563506 1.000000
1.555836 1.573498 1.000000
1.993957 1.981998 0.000000
1.959427 1.917837 0.000000
1.518415 1.465447 1.000000
1.913249 1.963666 0.000000
1.552506 1.500063 1.000000
2.009375 1.989007 0.000000
1.462570 1.473639 1.000000
1.574201 1.520327 1.000000
2.100755 1.937201 0.000000
1.640421 1.507767 1.000000
1.578730 1.561987 1.000000
1.586753 1.470781 1.000000
1.970315 2.047528 0.000000
1.550723 1.487057 1.000000
2.039546 1.985400 0.000000
1.936436 2.003238 0.000000
1.515579 1.482277 1.000000
2.017826 1.952392 0.000000
1.525446 1.477265 1.000000
1.892961 1.940360 0.000000
2.024351 2.037138 0.000000
1.927221 2.009400 0.000000
1.489245 1.433519 1.000000
1.971423 1.930500 0.000000
1.525549 1.463495 1.000000
1.970543 1.975597 0.000000
1.992018 1.978420 0.000000
1.565038 1.497380 1.000000
1.986455 2.019378 0.000000
2.021152 2.066684 0.000000
1.987576 1.937169 0.000000
2.038042 1.969627 0.000000
1.527286 1.534703 1.000000
2.069051 1.976362 0.000000
2.028134 1.950333 0.000000
2.003678 1.988770 0.000000
1.497898 1.526117 1.000000
2.019668 1.971285 0.000000
1.567763 1.534037 1.000000
1.553124 1.581439 1.000000
1.459212 1.494099 1.000000
1.993142 2.043630 0.000000
1.564873 1.426001 1.000000
1.896070 1.983865 0.000000
1.555993 1.440260 1.000000
2.027023 1.963060 0.000000
1.532603 1.463501 1.000000
2.153023 1.927119 0.000000
1.994268 1.991824 0.000000
1.411780 1.495711 1.000000
2.041355 1.915511 0.000000
1.495917 1.558908 1.000000
1.519950 1.536202 1.000000
1.532090 1.444450 1.000000
1.618638 1.558497 1.000000
1.428139 1.496744 1.000000
1.461109 1.487136 1.000000
1.460844 1.440344 1.000000
1.542694 1.483793 1.000000
2.005138 1.979817 0.000000
1.958038 2.014138 0.000000
1.488160 1.471867 1.000000
1.459609 1.463746 1.000000
1.939989 1.998842 0.000000
2.006594 1.915068 0.000000
2.054816 1.864201 0.000000
2.060984 2.063357 0.000000
1.469938 1.429569 1.000000
1.987231 1.968889 0.000000
2.067498 1.954364 0.000000
1.478391 1.433608 1.000000
1.959365 1.932006 0.000000
1.502818 1.524532 1.000000
1.562777 1.481897 1.000000
2.034047 1.999981 0.000000
1.925303 2.075135 0.000000
1.530941 1.537279 1.000000
1.566265 1.473139 1.000000
1.986997 1.973532 0.000000
1.469234 1.553358 1.000000
1.534707 1.493132 1.000000
1.530831 1.508356 1.000000
1.914166 1.990336 0.000000
2.002366 1.919264 0.000000
1.948561 2.007866 0.000000
2.041634 2.014656 0.000000
1.423849 1.448574 1.000000
2.010769 1.982399 0.000000
1.510649 1.530981 1.000000
1.481815 1.485529 1.000000
1.435575 1.502624 1.000000
2.013317 2.005557 0.000000
1.934986 2.083860 0.000000
1.562671 1.428585 1.000000
1.519612 1.368130 1.000000
2.001478 1.996298 0.000000
1.470071 1.456106 1.000000
1.460921 1.521312 1.000000
2.064643 1.972819 0.000000
1.911070 1.917283 0.000000
2.044955 2.023945 0.000000
1.493233 1.564426 1.000000
1.546351 1.462658 1.000000
2.011009 2.043161 0.000000
1.969068 1.971925 0.000000
2.123626 1.992657 0.000000
2.104620 2.064605 0.000000
2.061915 2.065934 0.000000
1.536421 1.506173 1.000000
1.900603 2.021490 0.000000
2.040984 2.067325 0.000000
2.066699 2.007163 0.000000
1.912423 1.971845 0.000000
2.047376 1.952740 0.000000
2.055023 2.033069 0.000000
1.496671 1.526728 1.000000
1.360165 1.542288 1.000000
2.057395 2.053297 0.000000
1.476905 1.575072 1.000000
1.442404 1.432770 1.000000
2.036330 2.015247 0.000000
1.495932 1.557148 1.000000
1.998423 2.101075 0.000000
2.025734 2.040062 0.000000
1.571135 1.505180 1.000000
1.550297 1.441326 1.000000
1.467551 1.489554 1.000000
1.566201 1.454378 1.000000
1.972887 2.057615 0.000000
1.985787 1.997420 0.000000
1.463691 1.448238 1.000000
2.013193 1.974666 0.000000
1.910311 1.949760 0.000000
1.454512 1.432673 1.000000
2.067290 2.088615 0.000000
1.964515 1.930701 0.000000
1.930137 2.014336 0.000000
1.543446 1.513073 1.000000
1.539923 1.510602 1.000000
1.459712 1.448280 1.000000
1.992828 2.022730 0.000000
1.966500 2.038515 0.000000
2.039147 2.004788 0.000000
1.453073 1.470493 1.000000
1.477378 1.418868 1.000000
1.465196 1.449588 1.000000
1.507071 1.538429 1.000000
1.566228 1.524424 1.000000
1.922264 1.989823 0.000000
1.547023 1.608233 1.000000
1.436988 1.540018 1.000000
2.060161 2.052229 0.000000
1.968947 1.999402 0.000000
1.494347 1.547985 1.000000
1.500726 1.473056 1.000000
1.938802 2.042996 0.000000
2.004496 2.018868 0.000000
1.525530 1.538824 1.000000
1.550085 1.417909 1.000000
1.534406 1.503472 1.000000
2.059432 2.059827 0.000000
1.518881 1.530651 1.000000
1.966989 2.047581 0.000000
1.546701 1.454506 1.000000
1.558437 1.550543 1.000000
2.024226 1.949908 0.000000
1.514868 1.452069 1.000000
2.037110 2.012575 0.000000
1.453355 1.429851 1.000000
1.621969 1.455823 1.000000
1.978973 2.014080 0.000000
1.432984 1.523591 1.000000
1.598126 1.493101 1.000000
2.019154 1.994281 0.000000
1.982197 2.003123 0.000000
1.950700 1.975591 0.000000
1.451715 1.498114 1.000000
1.496585 1.534143 1.000000
1.507457 1.539551 1.000000
1.412584 1.561652 1.000000
1.527360 1.536274 1.000000
1.449528 1.504115 1.000000
1.520194 1.480974 1.000000
1.571588 1.430027 1.000000
1.491936 1.436773 1.000000
1.497826 1.465523 1.000000
1.975436 1.933060 0.000000
1.392618 1.476491 1.000000
1.558782 1.560426 1.000000
1.469473 1.435995 1.000000
1.418214 1.543231 1.000000
1.397551 1.470410 1.000000
1.560909 1.494989 1.000000
2.018869 2.069173 0.000000
2.049556 2.072418 0.000000
1.938860 1.962334 0.000000
1.597212 1.477882 1.000000
1.562851 1.481697 1.000000
1.490719 1.440457 1.000000
2.018538 2.035774 0.000000
1.970196 1.941229 0.000000
1.997018 2.004618 0.000000
1.492478 1.539430 1.000000
1.963658 1.985811 0.000000
1.515233 1.450428 1.000000
2.029669 2.049875 0.000000
1.524194 1.535426 1.000000
2.065209 2.069518 0.000000
2.002644 2.079369 0.000000
1.509701 1.496815 1.000000
2.035691 1.939959 0.000000
2.022669 2.035468 0.000000
1.504377 1.442427 1.000000
1.474196 1.538581 1.000000
1.451007 1.514646 1.000000
1.526657 1.463534 1.000000
1.409205 1.449504 1.000000
1.536432 1.443854 1.000000
2.005480 2.010774 0.000000
2.005782 2.066522 0.000000
1.484779 1.427600 1.000000
2.010880 1.967005 0.000000
2.024537 2.044749 0.000000
1.489949 1.464262 1.000000
1.984544 2.034307 0.000000
1.423149 1.461111 1.000000
1.944583 1.979029 0.000000
2.025977 2.020476 0.000000
1.957806 2.011491 0.000000
1.973829 1.983431 0.000000
1.958470 2.024770 0.000000
2.080753 1.960348 0.000000
1.885175 2.120492 0.000000
2.005535 1.969821 0.000000
2.000307 2.014476 0.000000
1.529245 1.527193 1.000000
2.037161 2.023531 0.000000
1.955946 2.035420 0.000000
1.499124 1.501692 1.000000
1.565172 1.439552 1.000000
1.541457 1.421000 1.000000
1.548266 1.567723 1.000000
2.054377 2.057131 0.000000
2.096747 1.936255 0.000000
1.503626 1.428118 1.000000
2.054604 1.953649 0.000000
1.444216 1.524252 1.000000
1.437168 1.586097 1.000000
1.999147 1.972467 0.000000
2.048237 2.008473 0.000000
2.027020 1.974370 0.000000
1.510159 1.449285 1.000000
2.014838 1.909032 0.000000
1.519366 1.539280 1.000000
1.542619 1.471057 1.000000
1.523562 1.666397 1.000000
1.961446 1.954859 0.000000
2.059660 1.969809 0.000000
1.964293 2.018725 0.000000
1.476137 1.612545 1.000000
1.947793 2.004359 0.000000
2.125218 2.014265 0.000000
1.939695 2.083503 0.000000
1.548910 1.503959 1.000000
1.975958 1.963234 0.000000
1.935309 1.992108 0.000000
2.001150 2.037738 0.000000
1.996854 1.972922 0.000000
1.446675 1.504610 1.000000
2.036781 1.997205 0.000000
1.935259 1.959223 0.000000
1.970373 1.956729 0.000000
1.996862 2.008400 0.000000
2.007596 2.000032 0.000000
2.023168 1.956240 0.000000
1.579239 1.508391 1.000000
1.999470 1.957398 0.000000
1.915890 1.981869 0.000000
1.961934 2.071356 0.000000
1.545867 1.466989 1.000000
2.067211 2.006890 0.000000
1.526514 1.448874 1.000000
2.019356 1.950084 0.000000
1.533064 1.556339 1.000000
1.999784 1.989203 0.000000
1.508113 1.544330 1.000000
1.935249 1.968338 0.000000
2.082612 2.017926 0.000000
1.484342 1.531929 1.000000
1.513470 1.521009 1.000000
1.587995 1.485027 1.000000
2.066572 1.958621 0.000000
1.331601 1.461080 1.000000
1.479425 1.449874 1.000000
1.501887 1.495738 1.000000
1.990933 1.912509 0.000000
1.496943 1.470709 1.000000
1.520220 1.459700 1.000000
2.080499 2.079333 0.000000
2.004521 2.058503 0.000000
1.454495 1.508420 1.000000
2.004080 2.043842 0.000000
1.972991 2.021016 0.000000
1.469037 1.426334 1.000000
2.132654 1.961935 0.000000
1.933447 1.949986 0.000000
1.312556 1.495963 1.000000
1.947519 2.104027 0.000000
1.509511 1.593329 1.000000
1.484083 1.450307 1.000000
1.496290 1.508611 1.000000
2.015716 2.009124 0.000000
1.523002 1.476677 1.000000
1.608036 1.501057 1.000000
2.001273 2.046770 0.000000
1.483253 1.461035 1.000000
1.414446 1.402042 1.000000
1.967320 1.971873 0.000000
1.494995 1.473416 1.000000
1.928301 1.960771 0.000000
2.043368 1.942678 0.000000
2.019517 2.057601 0.000000
1.566769 1.497375 1.000000
1.448869 1.408297 1.000000
1.938910 1.955482 0.000000
2.053972 1.999278 0.000000
1.978302 2.010431 0.000000
1.542252 1.440602 1.000000
1.511576 1.478180 1.000000
1.455776 1.437920 1.000000
1.568101 1.569320 1.000000
1.451802 1.491929 1.000000
1.582148 1.492741 1.000000
1.507110 1.499188 1.000000
1.544092 1.497224 1.000000
1.634667 1.539733 1.000000
2.014286 1.981390 0.000000
2.050110 2.073976 0.000000
1.554011 1.469827 1.000000
1.491129 1.529187 1.000000
1.518048 1.544639 1.000000
1.912875 2.037595 0.000000
1.379539 1.472995 1.000000
1.436431 1.447432 1.000000
1.519354 1.509611 1.000000
1.424628 1.412433 1.000000
1.995580 1.957998 0.000000
1.470655 1.439560 1.000000
2.060435 1.954633 0.000000
1.548063 1.543993 1.000000
1.902203 1.979369 0.000000
2.069651 2.025893 0.000000
2.049384 2.042200 0.000000
1.953283 2.004226 0.000000
1.982476 1.913211 0.000000
1.488961 1.518029 1.000000
1.469590 1.500912 1.000000
1.979585 1.987598 0.000000
2.029237 2.074163 0.000000
1.523468 1.551578 1.000000
1.427580 1.501604 1.000000
2.038991 1.945605 0.000000
1.455361 1.508834 1.000000
2.058006 2.094637 0.000000
1.470945 1.544844 1.000000
1.482907 1.443928 1.000000
1.491264 1.432103 1.000000
1.984696 2.018899 0.000000
1.954480 1.973856 0.000000
1.950491 2.023140 0.000000
1.954628 2.014272 0.000000
2.025401 2.041008 0.000000
1.513955 1.468979 1.000000
1.584862 1.408015 1.000000
2.045599 2.031345 0.000000
1.443691 1.519176 1.000000
1.908737 1.954975 0.000000
1.478767 1.495220 1.000000
1.934518 1.966564 0.000000
1.498057 1.476547 1.000000
2.004224 1.950625 0.000000
1.999882 2.063405 0.000000
1.996390 1.916714 0.000000
1.926748 1.980258 0.000000
2.013221 2.009720 0.000000
1.511100 1.519898 1.000000
1.993316 2.013431 0.000000
2.071303 2.046363 0.000000
1.991202 2.025347 0.000000
1.423876 1.555196 1.000000
1.988063 2.014878 0.000000
1.526997 1.486648 1.000000
1.582662 1.515634 1.000000
1.993428 2.034330 0.000000
1.994564 1.956490 0.000000
1.992666 2.011996 0.000000
2.089512 1.916376 0.000000
2.020768 1.981501 0.000000
1.455881 1.507923 1.000000
2.042467 1.937946 0.000000
1.930834 1.964695 0.000000
1.459621 1.482639 1.000000
1.524423 1.479930 1.000000
1.500886 1.521630 1.000000
1.521073 1.480778 1.000000
1.502482 1.535331 1.000000
1.558933 1.567499 1.000000
1.512867 1.548826 1.000000
1.955772 1.981622 0.000000
2.100480 1.977874 0.000000
1.506602 1.488261 1.000000
2.008141 1.913915 0.000000
1.494487 1.498400 1.000000
1.477575 1.539244 1.000000
2.016700 1.974449 0.000000
1.923907 2.049409 0.000000
1.566718 1.516376 1.000000
1.466084 1.445838 1.000000
1.901547 1.983652 0.000000
2.036023 2.060974 0.000000
1.428170 1.563793 1.000000
2.054700 1.937551 0.000000
2.071591 2.025088 0.000000
1.932597 2.013492 0.000000
1.927984 1.999607 0.000000
1.468141 1.528792 1.000000
2.037971 2.022125 0.000000
2.127001 2.069331 0.000000
1.981365 1.965306 0.000000
1.574848 1.459881 1.000000
2.004537 1.923919 0.000000
