1.696682 2.019767 0.000000
1.379329 1.368480 1.000000
1.955036 1.846718 0.000000
1.613994 1.107495 1.000000
2.151313 1.979688 0.000000
2.368397 2.868781 0.000000
1.533668 1.662086 0.000000
1.559198 1.788988 1.000000
1.592744 1.227863 1.000000
1.415909 1.584095 0.000000
1.729872 1.426303 1.000000
1.602662 1.606519 1.000000
1.941477 1.776765 0.000000
1.525297 1.269417 1.000000
1.369933 1.532241 1.000000
2.078800 2.038246 0.000000
1.553758 1.688513 1.000000
1.456813 1.815010 1.000000
1.491032 1.306909 1.000000
1.368997 1.621482 0.000000
1.963194 1.497969 0.000000
1.045017 1.434425 1.000000
2.523159 1.964909 0.000000
1.913860 2.238152 0.000000
1.479879 2.133137 1.000000
1.457851 1.996552 1.000000
2.156311 1.685539 1.000000
0.900924 1.920716 1.000000
1.691742 1.329348 1.000000
2.165017 2.597377 0.000000
2.222391 2.316344 0.000000
1.538258 1.508616 1.000000
1.398630 1.579388 1.000000
2.128721 1.654620 0.000000
1.319455 1.869964 1.000000
1.472594 1.723374 1.000000
2.336149 2.004089 0.000000
1.603231 1.299046 1.000000
1.379957 1.360619 1.000000
2.496910 2.005678 0.000000
1.857382 1.727956 1.000000
1.467706 1.857697 0.000000
1.790405 1.961073 1.000000
1.936934 2.074343 0.000000
1.016280 1.900357 1.000000
2.070852 1.815991 0.000000
1.985796 2.472815 0.000000
2.082436 1.763832 0.000000
1.488296 2.115191 0.000000
1.783418 1.352658 1.000000
2.257937 2.264552 0.000000
2.033339 2.215659 0.000000
1.423119 0.831074 1.000000
1.823165 2.355541 0.000000
2.107036 2.873603 0.000000
1.575880 2.162907 0.000000
2.517152 1.794055 0.000000
1.939515 2.149894 0.000000
1.964666 2.140048 0.000000
1.915601 1.486953 1.000000
1.712712 2.555763 0.000000
1.661573 1.234883 1.000000
1.125102 1.699021 1.000000
1.310546 1.449704 1.000000
1.822303 1.956559 0.000000
1.887809 1.942686 1.000000
2.092643 2.044721 0.000000
1.812086 1.692256 0.000000
1.360599 2.119761 1.000000
1.704515 1.981855 0.000000
1.701655 1.400042 1.000000
1.609115 1.474163 1.000000
2.019109 2.152007 0.000000
1.064395 1.175080 1.000000
2.544183 2.175970 0.000000
1.565732 1.723380 0.000000
1.432880 1.054121 1.000000
2.102797 2.426511 0.000000
1.284628 1.265755 1.000000
1.768882 2.339057 0.000000
1.674975 1.604700 1.000000
2.578331 2.511575 0.000000
1.915546 2.163017 0.000000
1.403810 2.413643 0.000000
1.669978 1.771865 1.000000
2.661189 2.166179 0.000000
1.446378 1.810049 1.000000
1.704125 1.528245 1.000000
1.735071 2.015069 0.000000
1.616442 2.199846 0.000000
2.674178 2.036019 0.000000
2.178976 2.280574 0.000000
2.340023 1.686733 0.000000
1.839224 1.643943 1.000000
1.527618 1.426555 1.000000
1.270451 1.857906 1.000000
1.785772 1.336018 1.000000
1.809297 1.932920 1.000000
2.007448 2.491433 0.000000
0.893835 1.418275 1.000000
1.494354 1.819167 1.000000
1.620242 1.865017 1.000000
1.793688 1.574804 1.000000
1.617003 2.333897 0.000000
1.947726 2.127215 0.000000
1.720124 1.294966 1.000000
1.341876 1.414759 1.000000
2.473581 2.059517 0.000000
2.245806 2.123622 0.000000
1.878977 1.268334 1.000000
1.832426 1.552057 1.000000
1.513109 1.711396 0.000000
1.539388 1.826077 0.000000
1.840280 2.285264 0.000000
2.107947 1.201362 0.000000
1.776306 1.530945 1.000000
1.184207 1.917733 1.000000
1.342829 1.869178 0.000000
1.696808 1.423423 1.000000
2.047370 1.901620 0.000000
1.286726 1.807280 1.000000
2.857907 2.114223 0.000000
1.447513 1.899691 1.000000
1.404554 1.661578 1.000000
1.266053 2.096230 1.000000
1.707424 1.843167 0.000000
1.623081 1.763901 1.000000
1.396786 1.174335 1.000000
1.344731 2.239673 0.000000
1.641850 1.555214 1.000000
1.468481 1.596745 1.000000
2.309572 1.925200 0.000000
1.289037 1.855792 1.000000
1.881241 2.002081 0.000000
2.431793 2.581365 0.000000
1.096211 1.138766 1.000000
2.000414 1.723562 0.000000
2.033969 1.829134 0.000000
1.572131 1.827085 1.000000
1.163461 1.269015 1.000000
1.114846 1.202965 1.000000
1.472915 1.254372 1.000000
0.999697 1.156160 1.000000
1.903922 1.641634 0.000000
1.543920 1.611672 1.000000
2.394079 1.497630 0.000000
1.466078 1.187283 1.000000
2.273384 2.322633 0.000000
1.724913 1.577824 1.000000
1.032869 1.652170 1.000000
1.695001 2.040975 0.000000
1.822734 1.936115 0.000000
2.119678 1.247072 1.000000
1.890075 1.448815 0.000000
1.846458 2.193876 0.000000
2.256723 1.928681 0.000000
1.755473 1.843435 0.000000
1.510563 1.523369 1.000000
1.254498 1.661653 1.000000
1.838644 1.896486 0.000000
1.380626 1.719319 1.000000
1.816337 1.498488 1.000000
1.562703 1.651609 1.000000
1.727950 2.407863 0.000000
1.236204 1.337722 1.000000
1.669678 1.614423 1.000000
1.568237 2.284678 0.000000
1.786869 2.170081 0.000000
1.849754 2.229002 0.000000
1.784345 1.303408 1.000000
2.023745 1.961394 0.000000
0.985074 1.242057 1.000000
1.497887 2.146217 1.000000
2.082636 2.005215 0.000000
1.317201 1.273828 1.000000
1.701453 1.811446 1.000000
1.938640 1.132030 1.000000
1.906293 1.159386 1.000000
1.539261 0.994655 1.000000
2.394939 1.893186 0.000000
2.175301 2.164180 0.000000
1.714723 1.538302 1.000000
1.824985 1.319250 1.000000
2.138809 2.197759 0.000000
1.589009 1.504727 1.000000
2.377160 2.292831 0.000000
1.376953 1.180492 1.000000
1.889109 1.900921 1.000000
1.891185 1.921355 0.000000
2.293384 1.641885 0.000000
1.013832 1.217408 1.000000
1.418572 1.007993 1.000000
2.424507 1.893526 0.000000
1.891039 1.975623 0.000000
1.663468 2.287983 0.000000
1.969183 1.862410 0.000000
1.817765 1.398406 1.000000
1.675879 1.003969 1.000000
2.069985 1.890417 0.000000
1.970588 1.435577 1.000000
2.273659 2.391696 0.000000
1.827183 1.841513 0.000000
1.207835 1.756746 1.000000
1.778429 1.499732 1.000000
1.445636 1.628073 1.000000
2.267983 1.915630 0.000000
2.315949 2.015434 0.000000
1.769787 2.159275 0.000000
2.358508 2.201409 0.000000
1.983346 1.299563 1.000000
1.539729 2.031591 0.000000
2.048505 1.798150 0.000000
1.977081 1.923217 0.000000
1.723567 1.284638 1.000000
1.683160 1.728801 1.000000
1.572710 1.855007 1.000000
2.491109 1.679044 0.000000
1.677160 1.599879 1.000000
2.169721 1.379568 1.000000
1.941693 1.944136 0.000000
1.418079 1.192713 1.000000
2.416398 2.045368 0.000000
1.826660 2.372653 0.000000
0.278524 1.635374 1.000000
2.183199 2.365216 0.000000
1.560272 1.689375 1.000000
2.182310 1.876773 0.000000
1.879119 1.745885 1.000000
1.167362 1.818223 1.000000
1.938232 2.672371 0.000000
2.445390 1.530814 0.000000
1.611627 1.714005 0.000000
2.408583 1.815448 0.000000
1.066638 1.125780 1.000000
1.256908 1.637882 1.000000
1.407717 1.383044 1.000000
1.147462 1.717900 1.000000
2.190298 2.137408 0.000000
1.432196 1.564040 1.000000
2.389462 2.399399 0.000000
2.067480 1.801061 0.000000
1.107265 1.202087 1.000000
1.336929 1.826405 1.000000
1.571066 1.294915 1.000000
2.065463 1.665078 0.000000
2.051117 1.435565 1.000000
1.707343 1.620795 1.000000
2.355193 2.071071 0.000000
2.132529 2.261380 0.000000
1.916622 2.455410 0.000000
1.800227 1.711350 1.000000
0.816561 1.642771 1.000000
0.950771 1.765545 1.000000
1.770142 1.874644 0.000000
1.427395 1.140344 1.000000
1.644831 1.811476 1.000000
1.983549 1.638408 1.000000
1.822182 2.097865 0.000000
1.552424 1.380834 1.000000
1.649018 1.744924 1.000000
1.605048 1.709344 1.000000
1.919127 1.538226 1.000000
1.621000 2.105555 0.000000
2.164485 1.990181 0.000000
1.192994 1.217117 1.000000
1.786060 1.510772 1.000000
1.915389 2.375753 0.000000
2.087218 1.927647 0.000000
0.930319 1.661142 1.000000
1.566303 1.478424 1.000000
2.380331 1.625632 0.000000
1.563430 1.360875 1.000000
1.895317 1.189997 1.000000
1.956180 2.325741 0.000000
1.891803 2.123626 0.000000
1.420040 1.489561 1.000000
1.823186 1.630919 1.000000
2.253447 2.183910 0.000000
2.409676 1.756253 0.000000
1.833230 2.526059 0.000000
2.402412 2.759407 0.000000
1.292084 1.233660 1.000000
1.620680 2.401395 0.000000
2.039990 2.209463 0.000000
1.473374 1.526501 1.000000
2.283903 2.073505 0.000000
1.766323 2.184076 0.000000
1.447835 2.121512 0.000000
1.672129 0.921060 1.000000
2.080917 2.057467 0.000000
1.884193 1.020935 1.000000
0.930540 1.479808 1.000000
1.212820 1.576688 1.000000
1.255104 1.635964 1.000000
1.873839 1.002724 1.000000
0.603213 1.420346 1.000000
1.590537 1.309642 1.000000
1.738470 1.594777 0.000000
2.289645 2.454858 0.000000
2.026143 1.816439 0.000000
1.876798 2.587750 0.000000
1.756088 1.656299 1.000000
1.786744 2.334842 0.000000
1.978327 1.859346 0.000000
1.636875 2.127272 0.000000
1.507813 1.322248 1.000000
1.392908 1.194855 1.000000
1.941343 2.215650 0.000000
2.053112 1.659758 0.000000
2.076187 2.034298 0.000000
1.839739 1.626377 0.000000
1.484425 1.781944 1.000000
1.440835 1.227377 1.000000
2.421494 1.822989 0.000000
2.029924 1.986086 0.000000
1.761627 1.624896 1.000000
2.344580 2.419062 0.000000
1.430242 1.389164 1.000000
1.423757 1.044218 1.000000
1.060469 1.315407 1.000000
2.069302 1.563778 0.000000
1.951215 1.427075 0.000000
1.926949 2.323415 0.000000
1.688671 1.603046 1.000000
2.279353 1.965804 0.000000
2.126925 1.996614 0.000000
1.752142 1.821925 0.000000
1.453706 1.459386 1.000000
1.798239 1.445962 0.000000
1.526731 1.320138 1.000000
1.578257 1.466815 1.000000
2.043816 2.095326 0.000000
2.001802 1.899373 0.000000
1.763803 1.270666 1.000000
1.087940 1.826126 1.000000
1.622610 1.674307 1.000000
1.501562 2.176662 0.000000
2.036015 0.806114 1.000000
1.347303 1.660174 1.000000
1.574687 2.195655 1.000000
1.005219 1.498889 1.000000
1.797906 1.415061 0.000000
2.440441 2.217558 0.000000
1.507267 1.595109 1.000000
1.180220 1.358766 1.000000
1.362137 1.584462 1.000000
2.510609 2.301828 0.000000
1.689643 1.797388 1.000000
1.985438 2.697864 0.000000
2.000441 2.044042 0.000000
1.085414 1.387259 1.000000
1.567059 1.680628 0.000000
0.852959 1.525184 1.000000
2.180549 1.653186 0.000000
1.275649 2.212459 0.000000
2.025627 1.810230 0.000000
1.194164 1.993928 0.000000
2.367051 2.038197 0.000000
1.018709 2.163068 1.000000
1.239540 1.545080 1.000000
2.019467 1.236822 1.000000
2.094715 1.717996 0.000000
1.920865 1.938748 0.000000
2.117881 1.664680 0.000000
2.186507 2.379216 0.000000
2.458099 1.901369 0.000000
1.289575 1.321986 1.000000
1.793534 1.552055 0.000000
1.238836 1.476229 1.000000
1.092961 1.279001 1.000000
2.247517 1.795438 0.000000
2.021746 1.888188 0.000000
2.703949 1.375753 0.000000
1.678838 1.517496 1.000000
1.511002 1.598404 1.000000
1.521715 1.578086 1.000000
1.420523 1.578016 1.000000
1.748132 1.922904 0.000000
1.843424 1.821175 0.000000
1.823173 1.610549 1.000000
1.625572 2.158074 0.000000
1.903695 2.062984 1.000000
1.779611 1.628539 0.000000
2.040182 1.885643 0.000000
1.460244 1.123570 1.000000
2.673657 1.875941 0.000000
1.542040 2.341061 0.000000
1.329813 1.445332 1.000000
1.379072 1.025526 1.000000
1.222767 1.238078 1.000000
1.811630 1.772133 1.000000
1.474909 2.206377 0.000000
1.908187 1.977312 0.000000
2.063415 2.213084 0.000000
1.122644 1.543515 1.000000
1.959189 2.213044 0.000000
1.902697 1.855508 0.000000
1.646513 1.046162 1.000000
1.208406 1.713625 1.000000
2.183527 2.197298 0.000000
1.301502 0.852507 1.000000
0.862486 1.708937 1.000000
1.934175 1.370387 1.000000
1.603882 1.824491 1.000000
2.263755 1.711479 0.000000
2.035575 1.983875 0.000000
2.505089 2.022091 0.000000
1.665764 2.447966 0.000000
2.290769 1.875843 0.000000
1.757056 1.847781 0.000000
1.217172 1.663733 1.000000
1.182012 1.594212 1.000000
2.137508 1.548701 0.000000
1.728877 1.570484 1.000000
1.598585 1.552160 0.000000
1.561604 0.618649 1.000000
1.968941 1.835978 1.000000
2.444794 1.874976 0.000000
2.661884 1.990192 0.000000
1.847980 1.461341 1.000000
2.161222 2.048921 0.000000
2.754524 2.019109 0.000000
1.752791 1.246329 1.000000
2.059344 2.095254 0.000000
0.862527 1.325754 1.000000
1.851936 1.812406 0.000000
1.406057 1.344692 1.000000
1.941865 1.301293 1.000000
1.235396 1.765786 1.000000
1.648807 1.423340 1.000000
1.802347 2.124786 0.000000
2.263703 2.539590 0.000000
1.624386 1.211404 1.000000
1.946791 1.675128 0.000000
1.861712 2.383357 0.000000
1.562815 1.784519 0.000000
1.865564 1.571509 0.000000
1.556051 2.074458 0.000000
1.081936 1.089781 1.000000
2.028851 2.563045 0.000000
1.314430 1.721630 1.000000
1.541879 1.906576 1.000000
2.442331 1.710921 0.000000
1.235150 1.163267 1.000000
2.387109 1.701285 0.000000
1.506234 1.627427 1.000000
1.397764 1.340421 1.000000
2.062036 2.065197 0.000000
1.977168 2.118613 0.000000
1.933860 1.593367 0.000000
1.697740 1.720778 1.000000
1.367604 1.556381 1.000000
1.676558 1.835047 0.000000
1.842787 2.205932 0.000000
1.193427 1.249195 1.000000
2.143294 1.595873 0.000000
1.840305 1.764605 0.000000
2.360231 2.402086 0.000000
2.060000 2.133673 0.000000
1.885009 1.856667 0.000000
2.063290 1.941462 0.000000
2.304233 2.666780 0.000000
1.380406 2.178084 0.000000
1.713000 2.132785 0.000000
2.430722 1.929487 0.000000
0.615853 1.762881 1.000000
2.548209 2.216879 0.000000
2.306587 0.818884 1.000000
1.781371 2.223773 0.000000
1.930497 1.179882 1.000000
1.483183 1.403592 1.000000
1.914482 2.137690 0.000000
1.427575 1.526375 1.000000
1.865537 1.965688 0.000000
1.578413 2.120530 0.000000
1.952142 1.943748 0.000000
2.027361 2.327385 0.000000
1.825389 1.462996 1.000000
1.190221 2.054322 1.000000
2.056674 2.351917 0.000000
1.848692 1.449908 1.000000
1.609006 2.045696 0.000000
2.454457 1.700348 0.000000
2.009379 2.054579 0.000000
1.660150 1.662496 1.000000
1.203496 1.764509 1.000000
1.875117 1.704245 1.000000
1.566525 2.172511 0.000000
1.527128 1.020091 1.000000
2.054732 2.110507 0.000000
1.730456 2.191612 0.000000
1.807499 2.205956 0.000000
1.492209 1.377953 1.000000
1.575756 1.585743 1.000000
1.986571 1.792264 0.000000
2.828401 2.050227 0.000000
1.506203 1.854938 0.000000
1.258843 1.438777 1.000000
1.503549 1.812495 1.000000
1.103099 1.624486 1.000000
1.466685 1.299885 1.000000
1.135370 1.224916 1.000000
1.521712 0.936555 1.000000
1.780351 1.535036 1.000000
2.305389 1.702821 0.000000
1.506513 1.875512 1.000000
2.607048 2.436769 0.000000
2.118336 2.579179 0.000000
1.206921 1.398641 1.000000
1.920947 1.944860 0.000000
1.705641 1.840352 0.000000
1.940264 2.483717 0.000000
1.247488 1.675025 1.000000
1.925709 1.608389 0.000000
1.777962 2.082716 0.000000
2.843286 2.136408 0.000000
1.608321 1.004925 1.000000
1.155762 1.810550 1.000000
2.542721 2.208676 0.000000
1.622056 1.923919 0.000000
1.732962 1.257012 1.000000
1.094298 1.334610 1.000000
1.990631 2.483509 0.000000
1.943904 1.124615 1.000000
2.031888 1.911185 0.000000
2.230904 1.982340 0.000000
1.902807 2.565146 0.000000
1.395564 0.940711 1.000000
2.241798 2.246329 0.000000
1.690683 2.572313 0.000000
1.446697 1.448576 1.000000
1.201794 1.352047 1.000000
1.838819 1.557030 0.000000
1.762894 1.464658 1.000000
1.884662 1.866589 0.000000
1.667145 0.634133 1.000000
1.649276 2.310386 0.000000
1.919033 2.454778 0.000000
1.104992 1.549001 1.000000
1.760547 1.296157 1.000000
1.957650 2.139794 0.000000
1.456370 1.217454 1.000000
1.316798 1.233031 1.000000
1.606925 1.795996 1.000000
2.016657 1.516714 0.000000
1.520959 1.650752 1.000000
1.281436 2.346205 0.000000
1.492622 1.265632 1.000000
1.340392 1.483714 1.000000
1.287989 1.593463 1.000000
1.496929 1.404174 1.000000
2.003893 2.239417 0.000000
2.062554 2.781390 0.000000
1.589383 1.973856 0.000000
1.417130 2.293623 0.000000
1.744431 1.110613 1.000000
1.212110 1.475339 1.000000
1.981775 1.269655 0.000000
1.980302 1.937409 0.000000
1.904464 2.047438 0.000000
2.126617 2.628057 0.000000
1.563487 1.575619 1.000000
1.420164 1.211139 1.000000
2.236350 1.941612 0.000000
1.754086 0.750617 1.000000
2.167053 2.055543 0.000000
1.354961 1.867400 1.000000
1.540031 1.976575 0.000000
1.300812 1.680781 1.000000
1.902655 1.874385 0.000000
1.754772 1.739474 1.000000
1.690687 1.455851 1.000000
2.178072 1.802909 0.000000
1.977667 1.595098 0.000000
1.530868 1.716763 1.000000
1.612161 0.847020 1.000000
1.888525 2.232231 0.000000
1.948044 1.276750 1.000000
1.902580 2.152478 0.000000
2.017973 2.262123 0.000000
1.642307 2.003072 0.000000
1.203511 1.455183 1.000000
1.716386 1.323272 1.000000
2.048236 2.523353 0.000000
1.710621 1.795174 1.000000
1.934774 1.660924 1.000000
1.694176 1.886114 0.000000
1.488069 1.731554 1.000000
1.923196 1.773967 0.000000
1.808832 1.924313 0.000000
1.477512 1.247820 1.000000
1.766648 2.774266 0.000000
1.802934 2.453968 0.000000
1.594941 1.423031 1.000000
1.060202 1.765108 1.000000
1.288347 1.267324 1.000000
2.186040 1.890418 0.000000
1.262758 1.909251 1.000000
2.209054 1.495772 1.000000
0.726593 1.582391 1.000000
1.670539 2.237950 0.000000
1.093543 1.401519 1.000000
1.195021 1.860827 1.000000
1.166072 1.346372 1.000000
1.865455 2.337671 0.000000
1.135688 1.166637 1.000000
2.046610 2.007967 0.000000
2.142356 1.650623 0.000000
1.399332 1.570359 0.000000
2.023651 1.368897 1.000000
1.486761 2.058930 0.000000
1.918184 2.083432 1.000000
2.518351 2.661367 0.000000
1.768873 2.111355 0.000000
1.599525 1.409064 1.000000
2.011654 1.626208 0.000000
1.620719 1.879449 0.000000
1.722824 1.795868 0.000000
1.239724 1.013363 1.000000
1.948183 2.433954 0.000000
1.236763 1.040793 1.000000
1.417074 1.772788 1.000000
1.968935 1.549955 1.000000
1.265768 1.595205 1.000000
2.111300 1.507074 0.000000
2.164099 2.531650 0.000000
2.585656 1.939843 0.000000
1.748143 1.194774 1.000000
1.993225 2.779836 0.000000
2.167587 1.816103 0.000000
1.221170 1.350374 1.000000
2.767273 2.159914 0.000000
2.596286 2.246148 0.000000
2.112621 2.388610 0.000000
2.023036 1.891891 0.000000
1.808583 1.928735 1.000000
1.224777 1.003504 1.000000
1.816732 2.279074 0.000000
2.626316 1.762243 0.000000
1.697744 1.714832 0.000000
1.400629 0.902232 1.000000
1.523255 1.582905 1.000000
1.188362 2.008213 1.000000
2.238810 1.914042 0.000000
1.460980 1.522983 1.000000
2.669646 1.917934 0.000000
2.503749 2.304603 0.000000
1.860714 1.362411 1.000000
2.243951 1.895899 0.000000
0.990302 1.120173 1.000000
1.488880 1.518528 1.000000
1.062305 1.747311 1.000000
1.621237 1.826471 1.000000
1.964103 2.254148 0.000000
2.045559 2.243504 0.000000
1.629050 2.208799 1.000000
2.462062 2.139999 0.000000
1.635134 2.508147 0.000000
1.033377 1.235390 1.000000
1.444324 1.163883 1.000000
1.700811 1.379005 1.000000
2.083793 1.743381 0.000000
1.614000 1.088380 1.000000
1.073202 1.682816 1.000000
1.226281 1.785637 1.000000
1.833959 1.783193 0.000000
1.172774 1.482942 1.000000
1.371594 1.721740 1.000000
0.914988 1.498248 1.000000
1.016379 1.576080 1.000000
1.425356 1.227098 1.000000
1.598935 1.214372 1.000000
1.118428 1.687900 1.000000
1.598927 1.954564 1.000000
1.486178 2.172469 1.000000
1.740781 1.921325 0.000000
2.405051 2.497063 0.000000
1.770932 0.975433 1.000000
2.004737 2.088642 0.000000
2.091330 1.703127 0.000000
1.519728 1.418758 1.000000
1.925735 1.951084 0.000000
1.723769 1.427819 1.000000
2.004019 0.998578 1.000000
1.379879 2.040456 0.000000
2.099198 2.367487 0.000000
1.335369 1.326250 1.000000
1.739880 2.370506 0.000000
1.661105 1.833735 1.000000
0.930478 1.613852 1.000000
1.168357 1.877152 1.000000
2.232729 1.838606 1.000000
1.590698 1.610053 1.000000
1.488296 0.974885 1.000000
1.549373 1.864788 0.000000
1.451460 1.238976 1.000000
1.624533 1.904840 1.000000
1.886492 1.762515 0.000000
1.444721 1.839354 1.000000
1.774150 1.196130 1.000000
1.774367 1.639221 1.000000
1.865947 1.504173 0.000000
2.262509 1.810149 0.000000
1.262149 1.948855 1.000000
1.278213 1.477964 1.000000
1.317614 2.176449 0.000000
1.980368 2.315783 0.000000
2.013814 2.231079 0.000000
2.052644 1.937613 0.000000
1.361872 1.617181 1.000000
1.940591 1.778687 0.000000
1.406807 1.665947 1.000000
1.691862 1.514400 1.000000
2.079864 1.928364 0.000000
1.726637 2.321801 0.000000
1.900525 2.054643 0.000000
1.412276 1.503161 1.000000
1.859141 1.002194 1.000000
1.981645 2.456652 0.000000
1.231936 1.091476 1.000000
1.259066 1.382765 1.000000
1.687166 1.254425 1.000000
1.221742 1.167409 1.000000
1.851692 2.056446 0.000000
1.293122 1.699834 1.000000
2.006096 2.271101 0.000000
1.561829 1.571489 0.000000
1.299814 1.531464 1.000000
2.035319 1.569324 1.000000
1.724381 1.191447 1.000000
1.840306 2.691930 0.000000
0.993323 1.124387 1.000000
1.097611 1.356809 1.000000
1.880213 2.046563 0.000000
1.909368 1.473045 1.000000
2.108298 1.858093 0.000000
1.443750 1.896808 0.000000
1.629908 1.970576 1.000000
1.885018 1.124967 1.000000
1.075097 1.706203 1.000000
2.220372 2.792883 0.000000
1.946680 1.773273 0.000000
1.880600 1.498238 1.000000
2.114380 2.176908 0.000000
2.246789 1.758494 0.000000
2.069029 1.621045 0.000000
1.722283 1.889374 0.000000
1.314323 1.626179 1.000000
2.031361 1.762159 0.000000
2.136652 1.782148 0.000000
1.439060 1.466266 0.000000
1.751892 2.151358 0.000000
1.487697 0.929435 1.000000
1.380966 2.076366 1.000000
1.318149 1.719670 1.000000
2.085641 1.813186 0.000000
2.174373 1.689894 0.000000
1.415334 1.472326 1.000000
2.233152 1.704681 0.000000
1.203991 0.887136 1.000000
2.061701 1.980814 0.000000
1.249017 1.848733 1.000000
1.934371 2.126416 0.000000
1.790002 1.044920 1.000000
1.143509 1.612309 1.000000
1.781195 1.722758 0.000000
2.212912 1.525459 0.000000
1.813070 2.114748 0.000000
2.272679 2.385753 0.000000
1.949094 1.378218 1.000000
1.979673 2.006401 0.000000
1.548974 1.894330 1.000000
2.016984 1.616059 0.000000
2.166320 1.737994 0.000000
2.218725 2.200559 0.000000
1.476431 1.818565 1.000000
1.614503 1.975548 0.000000
1.088997 1.214247 1.000000
1.298612 1.262995 1.000000
2.763526 2.345024 0.000000
1.191165 1.773966 1.000000
0.854770 1.555560 1.000000
1.565026 1.781219 1.000000
1.638923 1.081595 1.000000
1.902384 1.903159 1.000000
2.086388 1.240906 1.000000
2.368447 1.718599 0.000000
1.599796 1.288398 1.000000
1.674508 1.383581 1.000000
1.618648 2.368791 0.000000
1.749862 0.948403 1.000000
1.801321 2.234240 0.000000
2.484127 1.619745 1.000000
1.661731 2.099070 0.000000
1.978312 1.366811 1.000000
1.088981 1.490068 1.000000
1.905601 1.648907 0.000000
1.559538 2.137777 0.000000
2.291586 2.346874 0.000000
2.185793 1.396289 1.000000
1.634909 2.675396 0.000000
1.564632 2.214385 0.000000
1.130241 1.749765 1.000000
2.080446 2.437322 0.000000
1.610048 1.689325 1.000000
1.589638 1.975779 0.000000
1.468963 0.792905 1.000000
2.411158 2.068562 0.000000
1.222127 1.401073 1.000000
1.879961 2.016212 0.000000
2.171229 1.567022 0.000000
1.468584 2.035333 0.000000
2.035212 2.002417 0.000000
2.433347 2.301442 0.000000
1.761813 1.078103 1.000000
1.321699 1.402984 1.000000
2.038329 1.594695 0.000000
1.493295 1.285920 1.000000
1.402565 1.323827 1.000000
1.591962 1.658788 0.000000
1.421595 0.799775 1.000000
2.350664 1.890528 0.000000
2.079267 2.336043 0.000000
1.880482 1.375155 1.000000
2.214967 2.042769 0.000000
1.261942 1.128411 1.000000
1.167126 1.427753 1.000000
1.726484 1.437525 1.000000
1.991267 1.841394 0.000000
2.164662 2.007873 0.000000
2.216236 1.736466 0.000000
2.051258 2.186586 0.000000
1.110661 1.310498 1.000000
1.777173 2.286097 0.000000
1.831732 1.898008 0.000000
2.113307 2.154828 0.000000
2.066583 1.480527 0.000000
1.865074 1.100286 1.000000
1.948834 2.268030 0.000000
2.076504 1.794671 0.000000
2.519370 1.557676 0.000000
1.932057 1.434277 0.000000
1.541025 1.602784 1.000000
1.994710 1.893546 0.000000
1.351527 1.791072 0.000000
0.921203 1.473219 1.000000
2.119247 2.530786 0.000000
2.192045 2.555077 0.000000
1.887853 1.686392 0.000000
1.587570 2.002889 0.000000
1.729112 1.712511 0.000000
1.232625 1.318064 1.000000
1.117964 1.994465 1.000000
1.599745 2.146034 0.000000
1.632861 1.315319 1.000000
1.661223 1.841231 1.000000
2.276708 2.439835 0.000000
2.104141 2.362905 0.000000
2.006939 1.884224 0.000000
2.320923 2.311391 0.000000
2.904485 1.831432 0.000000
1.689409 0.940776 1.000000
2.147324 1.437953 1.000000
1.181476 1.811070 1.000000
2.133776 1.479266 0.000000
1.784618 1.274052 1.000000
1.596710 1.431770 1.000000
1.026237 1.718027 1.000000
1.993335 2.619781 0.000000
2.073468 1.751166 1.000000
1.222974 1.665134 1.000000
1.422693 1.236086 1.000000
2.020879 1.415031 1.000000
1.971827 1.240128 1.000000
1.786776 1.672016 1.000000
1.273874 1.381578 1.000000
1.078292 0.941362 1.000000
1.697241 1.786148 1.000000
1.795870 1.708052 1.000000
0.851091 1.446067 1.000000
1.318310 1.244996 1.000000
2.377950 2.101287 0.000000
1.504014 1.627564 1.000000
2.127545 2.011790 0.000000
2.175577 1.342710 0.000000
2.414232 2.393484 0.000000
1.384520 1.075460 1.000000
2.058040 1.844260 0.000000
1.856736 1.666993 1.000000
2.045490 2.106453 0.000000
1.793716 1.923119 0.000000
1.338928 1.768067 1.000000
1.444624 1.582582 1.000000
2.258802 1.496477 1.000000
2.162989 2.086603 0.000000
1.936583 1.469090 1.000000
1.487536 1.528955 1.000000
1.317364 1.406704 1.000000
1.539788 1.539845 1.000000
2.671199 2.092493 0.000000
2.517555 2.269116 0.000000
1.400233 1.470284 1.000000
1.785793 1.205896 1.000000
1.781973 1.187124 1.000000
1.853321 1.235965 1.000000
1.852250 1.467296 0.000000
1.913647 0.849706 1.000000
1.834561 1.900290 0.000000
1.710980 1.894917 0.000000
1.059524 2.341860 0.000000
2.095478 2.368169 0.000000
2.907166 1.813413 0.000000
2.100507 2.112440 0.000000
1.628447 2.131234 0.000000
2.043451 1.824396 0.000000
1.288275 1.400783 1.000000
1.455022 0.820761 1.000000
1.548237 1.836954 1.000000
1.879406 1.555900 0.000000
2.122303 1.622212 0.000000
1.720947 1.623498 0.000000
1.738407 1.376811 1.000000
1.553943 2.445647 0.000000
1.307827 1.473248 1.000000
1.532004 1.792394 1.000000
1.467288 1.284805 1.000000
2.256159 2.092214 0.000000
2.336929 1.382756 1.000000
1.900704 2.141792 0.000000
1.772131 2.223147 0.000000
1.146211 1.335386 1.000000
2.292665 1.923379 0.000000
1.784164 2.592266 0.000000
1.927348 1.845800 0.000000
1.413596 2.027057 1.000000
1.973629 2.281867 0.000000
1.710122 1.724463 0.000000
2.577592 2.553903 0.000000
1.667027 1.682469 1.000000
2.380153 1.969848 0.000000
1.656856 1.982409 0.000000
1.897394 1.817922 0.000000
2.389353 1.979807 0.000000
2.038550 2.434657 0.000000
2.281449 1.887102 1.000000
1.883360 1.533039 0.000000
1.404183 1.447959 1.000000
1.281543 1.114826 1.000000
1.851424 1.898426 1.000000
1.528079 1.150644 1.000000
1.750925 2.376049 0.000000
1.708377 1.570680 1.000000
1.965905 1.820457 0.000000
2.237163 2.152263 0.000000
1.587699 1.072297 1.000000
1.977995 1.932174 0.000000
1.984420 1.069984 1.000000
1.258377 1.605050 1.000000
2.108258 2.076637 0.000000
2.387340 1.927549 0.000000
1.852363 2.066768 0.000000
1.866291 1.652868 0.000000
1.408052 1.574253 1.000000
1.930075 1.150841 1.000000
1.622879 1.582688 1.000000
1.627242 1.208091 1.000000
1.668647 1.433048 1.000000
1.390961 1.287697 1.000000
1.041521 1.589832 1.000000
1.237128 1.521657 1.000000
1.674365 1.506580 1.000000
2.086105 1.891407 1.000000
1.898819 1.736523 0.000000
1.537106 1.453620 1.000000
1.342873 1.221658 1.000000
1.728150 2.154863 0.000000
1.774164 2.610790 0.000000
2.261737 1.815158 0.000000
1.932100 1.054553 1.000000
1.214779 1.108893 1.000000
2.350116 1.791123 0.000000
1.481372 1.555715 1.000000
2.029641 1.577395 1.000000
1.117967 1.613750 1.000000
2.099588 1.804383 0.000000
2.702265 2.218389 0.000000
2.131379 1.972765 0.000000
2.112630 2.275937 0.000000
1.847747 1.769140 0.000000
1.390975 1.484827 1.000000
1.796207 2.085032 0.000000
1.713817 1.092094 1.000000
2.729598 2.500861 0.000000
1.907255 1.562769 0.000000
1.686678 1.698509 1.000000
1.985008 2.125251 0.000000
1.520950 2.050876 1.000000
1.806331 1.269974 1.000000
1.926276 1.605272 0.000000
2.038137 2.217566 0.000000
2.358211 1.640385 0.000000
1.959884 1.770521 0.000000
1.207179 0.688378 1.000000
2.239235 2.182185 0.000000
1.646556 1.802493 1.000000
1.691198 2.016939 1.000000
2.432493 2.119287 0.000000
1.311302 1.638755 1.000000
1.651897 1.274782 1.000000
1.123446 1.527594 1.000000
2.350757 1.955076 0.000000
2.009019 1.801151 0.000000
0.981594 1.295086 1.000000
1.632917 2.001547 0.000000
2.445511 2.035466 0.000000
1.410614 1.030607 1.000000
1.776172 1.631195 0.000000
2.203622 1.917864 0.000000
1.737411 1.422090 1.000000
1.753377 2.297455 0.000000
2.117483 1.953989 0.000000
1.299409 1.409811 1.000000
1.712624 2.005208 0.000000
1.311407 1.099649 1.000000
1.909647 2.408040 0.000000
1.541454 1.245386 1.000000
1.373962 1.551013 1.000000
1.416911 1.372709 1.000000
1.684215 2.266329 1.000000
2.207758 2.031774 0.000000
2.149129 2.079887 0.000000
1.840865 1.770195 0.000000
1.936801 1.868113 1.000000
2.090711 1.802101 0.000000
1.478279 1.422649 1.000000
1.891478 1.994949 0.000000
1.636676 1.559359 0.000000
2.227225 2.080837 0.000000
1.502345 1.577332 1.000000
1.444360 1.063268 1.000000
1.781767 1.703095 1.000000
1.586379 1.405423 1.000000
2.432757 1.933556 0.000000
1.288363 1.520296 1.000000
1.454739 1.410151 1.000000
1.824820 1.688573 0.000000
2.469421 2.092203 0.000000
1.655997 2.131585 1.000000
1.185286 1.688020 1.000000
1.370407 1.487103 1.000000
2.506429 2.067136 0.000000
1.495480 1.491937 1.000000
1.696614 1.444349 1.000000
1.704770 1.179623 1.000000
2.425571 2.096155 0.000000
1.149965 1.467523 1.000000
1.598918 1.478875 1.000000
1.663829 0.354523 1.000000
2.048675 1.686399 0.000000
2.628425 2.043533 0.000000
2.030935 2.328608 0.000000
1.759278 2.375106 0.000000
1.889878 1.828903 1.000000
1.849727 1.877432 0.000000
2.145381 1.913719 0.000000
2.204348 2.156470 0.000000
1.255149 1.149731 1.000000
1.459048 1.843211 1.000000
1.617470 1.580036 1.000000
1.545649 1.178636 1.000000
2.302855 2.030470 0.000000
1.546493 1.719577 1.000000
1.824487 1.928803 0.000000
1.465129 1.337349 1.000000
1.599057 1.369063 1.000000
1.501752 1.557392 1.000000
1.583233 1.825347 1.000000
1.443463 1.208408 1.000000
1.871885 1.620100 0.000000
1.799266 1.938711 0.000000
1.795795 1.759924 0.000000
1.260950 1.096074 1.000000
1.615120 1.977152 1.000000
1.548708 1.676365 1.000000
1.358363 1.545838 1.000000
1.330606 1.248333 1.000000
2.198506 2.157209 0.000000
0.868104 1.088943 1.000000
1.997648 2.118370 0.000000
1.735555 1.527672 1.000000
1.846831 1.948530 0.000000
0.989070 1.840204 1.000000
1.595847 2.027940 0.000000
1.548465 1.738887 0.000000
1.519673 1.641902 0.000000
2.124565 1.738996 0.000000
1.709120 1.516344 0.000000
2.189687 2.277810 0.000000
1.432123 1.620244 1.000000
2.116249 2.084247 0.000000
2.087826 2.192534 0.000000
1.399733 1.439516 1.000000
1.917736 1.846739 1.000000
2.261350 1.855201 0.000000
2.030291 1.915100 0.000000
1.149221 1.802211 1.000000
1.654728 2.062296 1.000000
1.577994 1.710495 1.000000
1.403155 1.724719 1.000000
1.782982 1.705537 1.000000
1.334942 1.281924 1.000000
1.501416 1.572071 1.000000
1.537989 1.491265 1.000000
1.556904 2.569204 0.000000
1.869753 2.097966 0.000000
1.617623 1.648117 0.000000
1.565955 1.919189 1.000000
2.280819 1.992165 0.000000
2.403499 2.303522 0.000000
1.202948 1.439507 1.000000
1.636860 1.664552 1.000000
1.663343 1.922453 0.000000
1.957644 2.591833 0.000000
1.266410 1.196032 1.000000
1.154598 1.477893 1.000000
2.286170 2.335484 0.000000
1.961793 1.817346 0.000000
2.541263 1.639186 0.000000
1.708005 1.700600 1.000000
2.169745 1.702844 0.000000
2.275391 1.836490 0.000000
1.919699 2.026093 0.000000
1.376718 1.602411 1.000000
1.482853 1.451920 1.000000
1.341728 1.775201 1.000000
2.061646 1.764529 0.000000
1.899257 1.638161 0.000000
1.449708 1.261115 1.000000
1.796671 1.949865 1.000000
1.741318 1.923510 1.000000
1.262179 1.035426 1.000000
1.114924 1.269437 1.000000
1.616577 1.359588 1.000000
1.867570 1.501410 1.000000
1.144448 1.251123 1.000000
1.607733 1.888565 1.000000
1.157221 1.249011 1.000000
1.900161 1.465525 0.000000
1.566401 2.022796 0.000000
1.734738 1.201486 1.000000
1.722218 1.987331 0.000000
1.593107 1.525767 1.000000
2.345907 1.733204 0.000000
1.874559 1.810400 0.000000
1.631808 2.038146 0.000000
0.891276 1.234805 1.000000
1.554332 1.663588 1.000000
2.326560 2.082208 0.000000
2.264120 2.447739 0.000000
2.401149 1.711737 0.000000
1.288409 1.398249 1.000000
1.580648 2.142677 0.000000
1.057206 1.158169 1.000000
2.182617 2.540320 0.000000
2.004911 1.962988 0.000000
1.911093 1.521769 1.000000
1.298625 1.254355 1.000000
1.974627 1.818084 0.000000
2.330536 2.441859 0.000000
2.404061 1.817914 0.000000
1.777175 1.861244 1.000000
2.123785 2.261890 0.000000
1.173940 1.783745 1.000000
2.034466 1.939298 0.000000
1.790707 0.893893 1.000000
1.380753 1.857949 1.000000
2.304580 2.136997 0.000000
1.623116 1.642750 1.000000
1.861963 2.158730 0.000000
1.376850 1.709443 1.000000
1.276088 2.323131 0.000000
2.228978 2.443064 0.000000
1.798283 1.893990 0.000000
1.273616 1.856284 1.000000
1.643055 1.805315 0.000000
1.141634 1.948075 1.000000
1.233238 1.692696 1.000000
0.811961 1.813585 1.000000
1.651478 1.747220 1.000000
2.036889 1.849255 1.000000
1.358220 1.809426 1.000000
1.503871 2.363512 0.000000
2.295266 1.809735 0.000000
1.529283 1.241969 1.000000
1.472980 1.911600 1.000000
2.180834 2.146496 0.000000
1.577904 1.535222 1.000000
1.019272 1.697667 1.000000
1.545011 1.391867 1.000000
2.181947 1.017066 1.000000
1.589603 1.492898 1.000000
1.436457 2.162320 0.000000
2.065994 2.395233 0.000000
1.734449 1.716792 0.000000
2.132835 1.910598 0.000000
1.724014 1.675621 1.000000
1.853550 1.536747 1.000000
1.988511 1.887595 0.000000
2.157169 1.649582 0.000000
1.582607 1.206484 1.000000
2.328868 2.022232 0.000000
1.847249 1.766656 0.000000
2.013601 2.252803 0.000000
1.580845 1.315793 1.000000
2.297756 2.201516 0.000000
1.486071 1.413339 1.000000
1.923930 1.543326 1.000000
1.537867 1.088545 1.000000
2.162776 2.583903 0.000000
1.425859 1.417650 1.000000
2.318399 2.493971 0.000000
2.331646 1.686085 0.000000
1.598773 2.039221 0.000000
1.720082 1.500838 0.000000
1.275987 1.398575 1.000000
1.636156 1.220167 1.000000
1.174855 1.252463 1.000000
1.440856 1.569205 1.000000
1.615664 1.806149 0.000000
2.327525 1.632963 0.000000
1.447694 1.314992 1.000000
1.826411 1.727587 0.000000
1.251393 1.250491 1.000000
1.867922 2.044850 1.000000
1.382532 1.696429 1.000000
1.204225 1.113096 1.000000
1.295181 2.072273 0.000000
1.986851 1.463175 1.000000
1.176938 1.169665 1.000000
1.536467 0.875067 1.000000
1.620542 2.179105 0.000000
1.101245 1.421888 1.000000
1.709493 1.429181 1.000000
1.548625 1.562552 1.000000
2.095681 1.556243 1.000000
1.204040 1.714811 1.000000
1.841582 2.230452 0.000000
1.835179 1.553024 1.000000
2.019516 1.977615 0.000000
1.906531 2.194465 0.000000
1.969472 2.022614 0.000000
1.884272 2.104520 0.000000
2.255187 2.084045 0.000000
1.563505 2.243927 1.000000
1.600631 1.675027 0.000000
1.968895 1.888335 0.000000
2.025334 2.745874 0.000000
2.043107 2.022665 0.000000
2.056513 1.965749 0.000000
1.974386 1.630745 0.000000
1.367918 1.675398 1.000000
1.677677 0.959729 1.000000
1.919403 1.955766 0.000000
2.194267 1.660112 1.000000
1.393703 1.074161 1.000000
1.514149 1.608961 1.000000
2.169903 2.029687 0.000000
1.979824 2.006844 0.000000
1.353316 1.794769 1.000000
1.156863 2.019792 1.000000
2.613959 2.021045 0.000000
1.225317 1.934386 1.000000
2.148868 1.600500 0.000000
2.094096 1.754005 0.000000
1.188135 1.564715 1.000000
1.625971 0.909514 1.000000
2.026597 1.774457 0.000000
1.644972 2.574909 0.000000
2.258678 1.806807 0.000000
1.721262 1.386496 1.000000
1.365001 1.190849 1.000000
1.657085 1.580558 1.000000
1.903215 2.314642 0.000000
1.251987 1.194245 1.000000
1.315833 1.958936 1.000000
1.457485 1.943101 0.000000
1.703420 1.765355 1.000000
2.077665 1.900512 0.000000
2.154327 2.146017 0.000000
2.162849 1.949335 0.000000
2.009412 1.831315 0.000000
1.462150 1.388395 1.000000
1.373349 1.366386 1.000000
1.883473 1.832492 1.000000
1.536046 1.611256 1.000000
1.956960 2.288628 0.000000
1.636743 2.037686 0.000000
1.616674 1.445796 1.000000
2.160134 2.239508 0.000000
1.287684 0.924233 1.000000
1.661785 1.348762 1.000000
2.043032 1.897207 0.000000
2.055627 2.071319 0.000000
1.393232 0.898667 1.000000
1.773722 1.542632 1.000000
1.267279 1.652713 1.000000
1.016990 1.470419 1.000000
1.233854 1.342967 1.000000
1.665209 2.109340 0.000000
1.309644 2.246738 1.000000
2.266490 1.901950 0.000000
2.122100 1.971671 0.000000
1.303027 1.142264 1.000000
1.804184 2.177526 0.000000
1.662708 1.231896 1.000000
1.337897 2.131215 1.000000
1.273849 1.390543 1.000000
2.085464 1.675163 0.000000
2.141894 2.239807 0.000000
1.503645 1.400228 1.000000
1.491596 1.638658 1.000000
1.921820 2.790707 0.000000
2.078437 1.247549 0.000000
1.700525 2.069584 0.000000
1.443534 2.168643 0.000000
1.633660 1.829047 1.000000
1.933070 1.342159 1.000000
1.914960 1.903965 0.000000
1.423686 1.459401 1.000000
1.542816 1.285983 1.000000
1.986876 0.765337 1.000000
1.441320 1.393105 1.000000
1.675920 1.369249 1.000000
1.676337 1.456222 1.000000
1.948402 1.499451 1.000000
2.069529 1.691078 0.000000
1.961055 2.094621 0.000000
1.950228 2.367493 0.000000
1.052651 0.886775 1.000000
1.183814 1.411505 1.000000
2.019324 1.180815 1.000000
1.942750 2.419231 0.000000
1.905094 1.852008 0.000000
1.335065 2.445464 0.000000
1.368192 1.431174 1.000000
2.664162 1.982228 0.000000
1.496399 1.727077 1.000000
1.961459 2.174839 0.000000
1.909678 1.614863 1.000000
1.221165 1.440454 1.000000
1.332311 2.112766 1.000000
1.478121 1.498366 1.000000
1.777404 1.599633 1.000000
1.561917 1.387114 1.000000
2.240435 2.230446 0.000000
1.827110 1.770659 0.000000
1.083848 1.334174 1.000000
1.868135 1.421470 0.000000
1.426326 1.860885 1.000000
2.089954 2.283847 0.000000
1.917425 2.334105 0.000000
2.163236 2.495739 0.000000
1.393454 1.892689 1.000000
1.790935 2.223238 0.000000
1.677517 2.219271 0.000000
1.302656 1.609531 1.000000
2.150571 2.051095 0.000000
2.236169 1.048718 0.000000
1.523171 2.111850 0.000000
2.486688 2.205764 0.000000
1.611711 1.399001 1.000000
2.305797 1.938642 0.000000
1.498486 1.318975 1.000000
1.914687 1.509084 1.000000
2.306390 1.690569 0.000000
1.970556 2.226987 0.000000
1.120671 1.248792 1.000000
2.070414 2.494879 0.000000
1.910329 1.788991 0.000000
1.608189 1.542151 1.000000
1.186525 1.394015 1.000000
1.608544 2.145666 0.000000
1.948600 2.186872 0.000000
1.946009 1.296204 1.000000
2.186646 2.057667 0.000000
1.816288 2.663170 0.000000
1.520304 1.813398 1.000000
1.906874 2.145645 0.000000
1.994192 2.028579 0.000000
1.463172 1.718610 1.000000
1.678500 2.067357 0.000000
1.545359 1.747977 1.000000
1.988068 2.083118 0.000000
1.479890 2.171059 1.000000
1.759621 1.615165 0.000000
1.736590 2.408164 0.000000
1.933917 1.617143 0.000000
1.853739 1.130150 1.000000
2.107922 1.519351 0.000000
1.340079 1.709908 1.000000
2.022197 1.295965 0.000000
1.780599 2.266383 0.000000
1.894660 2.140067 0.000000
1.900109 1.783363 0.000000
2.370802 2.119916 0.000000
2.457426 2.108161 0.000000
1.429005 1.439409 1.000000
1.673703 1.947363 0.000000
1.881477 1.500406 1.000000
1.131450 1.437876 1.000000
1.337776 1.565924 1.000000
1.941495 1.017272 1.000000
2.344385 1.970790 0.000000
1.473797 1.272534 1.000000
1.735918 1.026192 1.000000
1.554662 1.116522 1.000000
1.027961 1.551154 1.000000
1.430368 1.005678 1.000000
1.599849 1.853432 1.000000
0.996753 1.101097 1.000000
1.806912 1.715769 1.000000
1.689899 2.181004 0.000000
1.448035 1.308892 1.000000
1.294985 1.783238 1.000000
1.902340 1.384386 1.000000
2.274539 2.539308 0.000000
0.927276 1.258854 1.000000
1.693310 1.809942 0.000000
1.484978 1.926718 1.000000
2.229495 1.759435 0.000000
1.879920 1.942825 0.000000
1.603672 1.963143 1.000000
1.401167 1.459943 1.000000
1.336472 1.455087 1.000000
1.412301 2.233652 0.000000
1.997403 2.614271 0.000000
1.797381 1.899795 0.000000
2.245824 2.198653 0.000000
1.666820 1.859282 0.000000
2.124495 2.470665 0.000000
1.819631 2.241635 0.000000
1.855586 1.692950 1.000000
1.582029 1.624102 1.000000
1.272962 1.081376 1.000000
1.818002 1.425057 1.000000
2.544627 1.790851 0.000000
2.371372 1.789988 1.000000
2.470261 2.160153 0.000000
2.182466 2.712495 0.000000
1.301495 1.847435 1.000000
1.985144 1.832136 0.000000
1.697871 1.794768 0.000000
2.177916 1.719967 0.000000
2.220651 1.799330 0.000000
2.238448 2.292926 0.000000
1.697804 2.467062 0.000000
2.489690 1.933178 0.000000
1.766239 1.556984 1.000000
1.355999 1.655563 1.000000
1.335331 1.083262 1.000000
1.499061 1.604196 1.000000
1.499940 1.825374 0.000000
1.704821 1.837606 0.000000
1.140513 1.487076 1.000000
1.887252 2.870279 0.000000
1.022577 1.372288 1.000000
1.805613 1.243522 1.000000
2.103200 1.948232 0.000000
0.867646 1.348861 1.000000
1.522678 1.531862 1.000000
1.834886 1.801642 0.000000
2.375162 2.216434 0.000000
2.296294 2.111297 0.000000
2.279122 1.357451 1.000000
2.125908 2.529252 0.000000
1.966298 2.081116 0.000000
0.875174 2.223968 1.000000
1.218225 1.438653 1.000000
1.736577 1.301433 1.000000
1.339812 1.113457 1.000000
2.140671 2.197857 0.000000
2.216508 1.946397 0.000000
1.450207 1.432213 1.000000
1.028769 1.032728 1.000000
1.311602 1.132683 1.000000
1.144665 1.235977 1.000000
2.350574 2.097155 0.000000
1.474095 2.113887 0.000000
2.252913 1.324131 0.000000
2.406076 2.417453 0.000000
2.229021 2.202980 0.000000
2.057710 1.654306 1.000000
1.037269 1.249365 1.000000
1.894465 1.039779 1.000000
2.549342 2.361248 0.000000
0.932162 1.618784 0.000000
1.372797 1.517897 1.000000
2.395125 1.892360 0.000000
1.823680 2.293106 0.000000
2.252260 2.564882 0.000000
2.466190 2.209090 0.000000
1.979328 2.245583 0.000000
1.998235 2.067640 0.000000
1.415263 1.577512 1.000000
2.179371 2.076069 0.000000
1.449843 1.859348 1.000000
1.273530 1.998339 1.000000
1.615034 1.428280 1.000000
1.483189 1.573676 1.000000
0.995634 1.162626 1.000000
1.408836 1.008072 1.000000
1.380882 1.693515 1.000000
2.461705 2.070866 0.000000
1.588202 1.144543 0.000000
1.331017 1.264987 1.000000
1.895211 1.341853 1.000000
1.928653 2.105354 0.000000
2.111946 1.421575 0.000000
1.603276 1.739876 1.000000
1.740152 2.185826 0.000000
1.268600 1.663348 1.000000
2.333588 2.063042 0.000000
1.443579 1.651684 1.000000
2.077821 1.732630 0.000000
1.512702 2.092682 0.000000
1.263294 1.689968 1.000000
1.663002 1.800789 0.000000
1.995240 2.012479 0.000000
1.548040 1.509637 1.000000
2.222551 1.544377 0.000000
1.974832 1.661827 1.000000
2.045106 2.151025 0.000000
1.984063 2.106184 0.000000
2.745642 2.044073 0.000000
1.720115 1.477378 1.000000
2.093545 1.793723 0.000000
2.257864 1.930763 0.000000
1.425779 2.150026 0.000000
2.314664 1.559935 0.000000
2.160640 2.349842 0.000000
1.422742 1.661696 1.000000
1.933092 1.502999 1.000000
1.289143 1.903274 1.000000
1.985117 1.765639 0.000000
1.279038 1.556259 1.000000
1.639729 2.322620 0.000000
1.690016 1.378085 1.000000
1.308372 1.498886 1.000000
1.820037 1.401714 1.000000
1.936398 2.118423 1.000000
1.517493 1.206505 1.000000
2.579943 2.055023 0.000000
1.953306 2.165255 0.000000
1.931321 1.577285 0.000000
1.542677 1.760005 1.000000
1.917109 1.677296 1.000000
2.618143 2.270194 0.000000
1.627596 1.049173 1.000000
1.740463 1.404221 0.000000
1.714659 2.099043 0.000000
2.004300 1.725410 1.000000
2.302326 2.387197 0.000000
1.927404 2.903992 0.000000
2.247911 1.357116 1.000000
1.551378 2.123017 1.000000
1.268251 1.612470 1.000000
2.311967 1.528678 0.000000
1.237907 1.881035 1.000000
1.835013 1.940988 1.000000
1.963743 1.891991 0.000000
1.756562 1.507025 0.000000
1.610488 1.292679 1.000000
1.479495 1.781996 0.000000
1.815033 1.500376 1.000000
2.056251 1.934044 0.000000
1.275418 1.341832 1.000000
1.945205 1.621965 1.000000
2.604529 1.623208 0.000000
2.342525 1.546600 1.000000
1.972379 1.871923 1.000000
2.020521 1.324685 1.000000
1.821889 2.285166 0.000000
1.804337 1.422343 1.000000
2.237274 1.912401 0.000000
1.618617 2.019429 0.000000
1.593475 1.393660 1.000000
2.106954 1.714352 0.000000
1.652676 1.363588 1.000000
1.357765 1.642157 0.000000
2.146109 2.222830 0.000000
1.563328 2.056398 0.000000
1.435468 1.101115 1.000000
1.828535 1.582999 0.000000
1.653297 1.280969 1.000000
1.823257 1.853580 0.000000
1.952109 1.870518 0.000000
1.890227 1.484279 1.000000
1.918730 2.116265 0.000000
2.126915 2.400102 0.000000
1.925453 1.623012 0.000000
2.228253 1.817759 0.000000
1.663716 1.708216 1.000000
2.414305 1.858173 0.000000
2.168806 1.701999 0.000000
2.022065 1.932623 0.000000
1.487388 1.656704 1.000000
2.118006 1.827709 0.000000
1.906576 1.704223 1.000000
1.818744 1.988637 1.000000
1.255271 1.464595 1.000000
1.958854 2.261781 0.000000
1.889235 1.056008 1.000000
1.376417 1.903189 0.000000
1.835958 1.141558 1.000000
2.162138 1.778361 0.000000
1.695617 1.281007 1.000000
2.918140 1.562714 0.000000
1.965606 1.950943 0.000000
0.970681 1.474263 1.000000
2.248130 1.493065 0.000000
1.475500 1.853449 1.000000
1.619701 1.717212 1.000000
1.692539 1.166698 1.000000
2.211827 1.850983 1.000000
1.068832 1.480463 1.000000
1.266654 1.422814 1.000000
1.265063 1.142064 1.000000
1.756166 1.402757 1.000000
2.030829 1.878902 0.000000
1.748226 2.084828 0.000000
1.428959 1.331204 1.000000
1.257654 1.282477 1.000000
1.639931 1.993052 0.000000
2.039563 1.490410 0.000000
2.328897 1.185206 0.000000
2.365906 2.380144 0.000000
1.319629 1.077412 1.000000
1.923387 1.813336 0.000000
2.404988 1.726184 0.000000
1.370347 1.101651 1.000000
1.756191 1.592034 0.000000
1.516911 1.647194 1.000000
1.876663 1.391380 1.000000
2.204280 1.999884 0.000000
1.551816 2.450808 0.000000
1.685645 1.723677 1.000000
1.897588 1.338835 1.000000
1.921983 1.841193 0.000000
1.315404 1.820150 1.000000
1.708240 1.458790 1.000000
1.684987 1.550134 1.000000
1.484997 1.942014 0.000000
2.014193 1.515582 0.000000
1.691367 2.047194 0.000000
2.249801 2.087938 0.000000
1.043092 1.191445 1.000000
2.064612 1.894395 0.000000
1.563894 1.685888 1.000000
1.390890 1.413173 1.000000
1.113448 1.515746 1.000000
2.079903 2.033339 0.000000
1.609916 2.503160 0.000000
1.876027 1.071509 1.000000
1.617673 0.708779 1.000000
2.008867 1.977787 0.000000
1.320426 1.236639 1.000000
1.265527 1.627874 1.000000
2.387857 1.836911 0.000000
1.466421 1.503697 0.000000
2.269729 2.143670 0.000000
1.459400 1.886556 1.000000
1.778106 1.275947 1.000000
2.066054 2.258969 0.000000
1.814410 1.831547 0.000000
2.741753 1.955943 0.000000
2.627723 2.387628 0.000000
2.371488 2.395605 0.000000
1.718527 1.537039 1.000000
1.403620 2.128939 0.000000
2.245905 2.403948 0.000000
2.400192 2.042981 0.000000
1.474539 1.831073 0.000000
2.284254 1.716438 0.000000
2.330136 2.198416 0.000000
1.480023 1.660367 1.000000
0.660993 1.753731 1.000000
2.344369 2.319781 0.000000
1.361430 1.950430 1.000000
1.154425 1.096617 1.000000
2.217979 2.091481 0.000000
1.475589 1.842890 1.000000
1.990539 2.606453 0.000000
2.154406 2.240373 0.000000
1.926810 1.531078 1.000000
1.801783 1.147955 1.000000
1.305304 1.437325 1.000000
1.897208 1.226267 1.000000
1.837323 2.345689 0.000000
1.914721 1.984522 0.000000
1.282146 1.189427 1.000000
2.079158 1.847998 0.000000
1.461866 1.698559 0.000000
1.227073 1.096036 1.000000
2.403741 2.531688 0.000000
1.787087 1.584206 0.000000
1.580825 2.086014 0.000000
1.760674 1.578439 1.000000
1.739537 1.563611 1.000000
1.258270 1.189681 1.000000
1.956966 2.136381 0.000000
1.798999 2.231092 0.000000
2.234880 2.028725 0.000000
1.218437 1.322956 1.000000
1.364266 1.013205 1.000000
1.291174 1.197526 1.000000
1.542428 1.730574 1.000000
1.897367 1.646546 1.000000
1.533585 1.938935 0.000000
1.782136 2.149399 1.000000
1.121930 1.740111 1.000000
2.360963 2.313373 0.000000
1.813680 1.996409 0.000000
1.466081 1.787913 1.000000
1.504357 1.338338 1.000000
1.632810 2.257973 0.000000
2.026974 2.113205 0.000000
1.653182 1.732942 1.000000
1.800511 1.007457 1.000000
1.706438 1.520831 1.000000
2.356591 2.358962 0.000000
1.613286 1.683904 1.000000
1.801937 2.285488 0.000000
1.780207 1.227034 1.000000
1.850623 1.803257 1.000000
2.145358 1.699449 0.000000
1.589208 1.212413 1.000000
2.222662 2.075450 0.000000
1.220130 1.079104 1.000000
2.231815 1.234937 1.000000
1.873841 2.084481 0.000000
1.097905 1.641547 1.000000
2.088754 1.458605 1.000000
2.114921 1.965687 0.000000
1.893184 2.018736 0.000000
1.704200 1.853548 0.000000
1.210290 1.488685 1.000000
1.479510 1.704857 1.000000
1.544740 1.737306 1.000000
0.975503 1.869911 1.000000
1.664163 1.717644 1.000000
1.197166 1.524692 1.000000
1.621166 1.385847 1.000000
1.929529 1.080165 1.000000
1.451615 1.120639 1.000000
1.486956 1.293138 1.000000
1.852615 1.598358 0.000000
0.855709 1.358946 1.000000
1.852692 1.862556 1.000000
1.316839 1.115972 1.000000
1.009282 1.759384 1.000000
0.885307 1.322461 1.000000
1.865454 1.469935 1.000000
2.113213 2.415035 0.000000
2.297336 2.434507 0.000000
1.633162 1.774007 0.000000
2.083273 1.367290 1.000000
1.877106 1.390182 1.000000
1.444316 1.142741 1.000000
2.111227 2.214642 0.000000
1.821175 1.647377 0.000000
1.982105 2.027710 0.000000
1.454869 1.736578 1.000000
1.781946 1.914868 0.000000
1.591400 1.202570 1.000000
2.178017 2.299251 0.000000
1.645165 1.712558 1.000000
2.391255 2.417108 0.000000
2.015863 2.476212 0.000000
1.558208 1.480892 1.000000
2.214145 1.639756 0.000000
2.136011 2.212810 0.000000
1.526261 1.154565 1.000000
1.345174 1.731485 1.000000
1.206042 1.587879 1.000000
1.659940 1.281205 1.000000
0.955228 1.197025 1.000000
1.718589 1.163122 1.000000
2.032878 2.064644 0.000000
2.034695 2.399129 0.000000
1.408676 1.065602 1.000000
2.065281 1.802030 0.000000
2.147221 2.268495 0.000000
1.439693 1.285575 1.000000
1.907264 2.205841 0.000000
1.038896 1.266669 1.000000
1.667500 1.874175 0.000000
2.155864 2.122857 0.000000
1.746838 2.068947 0.000000
1.842976 1.900584 0.000000
1.750820 2.148622 0.000000
2.484517 1.762090 0.000000
1.311053 2.722950 0.000000
2.033213 1.818925 0.000000
2.001844 2.086855 0.000000
1.675472 1.663159 1.000000
2.222967 2.141186 0.000000
1.735677 2.212518 0.000000
1.494743 1.510150 1.000000
1.891034 1.137313 1.000000
1.748739 1.025999 1.000000
1.789597 1.906340 1.000000
2.326262 2.342786 0.000000
2.580483 1.617532 0.000000
1.521757 1.068707 1.000000
2.327624 1.721892 0.000000
1.165296 1.645513 1.000000
1.123008 2.016583 1.000000
1.994881 1.834803 0.000000
2.289420 2.050840 0.000000
2.162123 1.846219 0.000000
1.560955 1.195708 1.000000
2.089026 1.454190 0.000000
1.616196 1.735678 1.000000
1.755716 1.326344 1.000000
1.641370 2.498382 1.000000
1.768676 1.729153 0.000000
2.357957 1.818852 0.000000
1.785759 2.112352 0.000000
1.356820 2.175271 1.000000
1.686757 2.026152 0.000000
2.751308 2.085590 0.000000
1.638172 2.501020 0.000000
1.793463 1.523754 1.000000
1.855750 1.779403 0.000000
1.611854 1.952649 0.000000
2.006899 2.226430 0.000000
1.981121 1.837529 0.000000
1.180052 1.527658 1.000000
2.220686 1.983227 0.000000
1.611557 1.755336 0.000000
1.822238 1.740371 0.000000
1.981169 2.050397 0.000000
2.045578 2.000190 0.000000
2.139008 1.737440 0.000000
1.975433 1.550345 1.000000
1.996818 1.744388 0.000000
1.495338 1.891215 0.000000
1.771605 2.428135 0.000000
1.775204 1.301933 1.000000
2.403265 2.041341 0.000000
1.659084 1.193245 1.000000
2.116139 1.700506 0.000000
1.698384 1.838031 1.000000
1.998702 1.935219 0.000000
1.548679 1.765982 1.000000
1.611496 1.810026 0.000000
2.495670 2.107556 0.000000
1.406052 1.691575 1.000000
1.580818 1.626053 1.000000
2.027971 1.410160 1.000000
2.399430 1.751727 0.000000
0.489606 1.266479 1.000000
1.376550 1.199246 1.000000
1.511325 1.474429 1.000000
1.945599 1.475055 0.000000
1.481660 1.324252 1.000000
1.621322 1.258199 1.000000
2.482997 2.475996 0.000000
2.027127 2.351017 0.000000
1.226971 1.550520 1.000000
2.024478 2.263053 0.000000
1.837947 2.126098 0.000000
1.314223 1.058004 1.000000
2.795926 1.771609 0.000000
1.600684 1.699915 0.000000
0.375338 1.475779 1.000000
1.685111 2.624161 0.000000
1.557063 2.059972 1.000000
1.404500 1.201842 1.000000
1.477741 1.551669 1.000000
2.094295 2.054742 0.000000
1.638010 1.360062 1.000000
2.148214 1.506345 1.000000
2.007637 2.280620 0.000000
1.399518 1.266212 1.000000
0.986679 0.912254 1.000000
1.803922 1.831239 0.000000
1.469968 1.340494 1.000000
1.569808 1.764627 0.000000
2.260208 1.656071 0.000000
2.117101 2.345604 0.000000
1.900614 1.484251 1.000000
1.193211 0.949783 1.000000
1.633461 1.732890 0.000000
2.323830 1.995668 0.000000
1.869810 2.062585 0.000000
1.753514 1.143615 1.000000
1.569458 1.369077 1.000000
1.234653 1.127519 1.000000
1.908606 1.915918 1.000000
1.210809 1.451574 1.000000
1.992886 1.456444 1.000000
1.542660 1.495125 1.000000
1.764552 1.483345 1.000000
2.308004 1.738397 1.000000
2.085717 1.888340 0.000000
2.300658 2.443854 0.000000
1.824067 1.318959 1.000000
1.446773 1.675120 1.000000
1.608291 1.767833 1.000000
1.477253 2.225573 0.000000
0.777233 1.337972 1.000000
1.118584 1.184592 1.000000
1.616123 1.557668 1.000000
1.047769 0.974597 1.000000
1.973477 1.747986 0.000000
1.323928 1.137362 1.000000
2.362607 1.727798 0.000000
1.788379 1.763958 1.000000
1.413219 1.876214 0.000000
2.417907 2.155359 0.000000
2.296305 2.253202 0.000000
1.719695 2.025353 0.000000
1.894857 1.479264 0.000000
1.433766 1.608172 1.000000
1.317541 1.505474 1.000000
1.877510 1.925587 0.000000
2.175423 2.444980 0.000000
1.640810 1.809466 1.000000
1.065478 1.509624 1.000000
2.233946 1.673630 0.000000
1.232166 1.553003 1.000000
2.348035 2.567822 0.000000
1.325669 1.769062 1.000000
1.397441 1.163566 1.000000
1.447586 1.092618 1.000000
1.908178 2.113392 0.000000
1.726881 1.843136 0.000000
1.702947 2.138840 0.000000
1.727771 2.085631 0.000000
2.152408 2.246051 0.000000
1.583732 1.313876 1.000000
2.009171 0.948090 1.000000
2.273596 2.188072 0.000000
1.162144 1.615055 1.000000
1.452425 1.729848 0.000000
1.372600 1.471317 1.000000
1.607110 1.799382 0.000000
1.488340 1.359285 1.000000
2.025345 1.703747 0.000000
1.999293 2.380432 0.000000
1.978343 1.500284 0.000000
1.560486 1.881547 0.000000
2.079326 2.058317 0.000000
1.566597 1.619389 1.000000
1.959895 2.080583 0.000000
2.427817 2.278175 0.000000
1.947212 2.152080 0.000000
1.043257 1.831176 1.000000
1.928380 2.089268 0.000000
1.661982 1.419886 1.000000
1.995969 1.593804 1.000000
1.960569 2.205978 0.000000
1.967385 1.738941 0.000000
1.955998 2.071979 0.000000
2.537074 1.498258 0.000000
2.124610 1.889004 0.000000
1.235283 1.547541 1.000000
2.254803 1.627674 0.000000
1.585001 1.788169 0.000000
1.257726 1.395834 1.000000
1.646540 1.379583 1.000000
1.505318 1.629782 1.000000
1.626437 1.384667 1.000000
1.514889 1.711989 1.000000
1.853597 1.904997 1.000000
1.577202 1.792953 1.000000
1.734630 1.889733 0.000000
2.602880 1.867247 0.000000
1.539609 1.429567 1.000000
2.048847 1.483489 0.000000
1.466924 1.490398 1.000000
1.365449 1.735465 1.000000
2.100199 1.846697 0.000000
1.543445 2.296454 0.000000
1.900310 1.598254 1.000000
1.296503 1.175028 1.000000
1.409283 1.901910 0.000000
2.216138 2.365844 0.000000
1.069021 1.882759 1.000000
2.328198 1.625305 0.000000
2.429548 2.150526 0.000000
1.595580 2.080950 0.000000
1.567902 1.997640 0.000000
1.308847 1.672753 1.000000
2.227823 2.132751 0.000000
2.762006 2.415984 0.000000
1.888192 1.791836 0.000000
1.949090 1.259289 1.000000
2.027224 1.543512 0.000000
