x1,x2,y
1.94945,2.00329,0
1.47989,1.47808,1.06535e+09
1.99251,1.97445,0
1.519,1.43458,1.06535e+09
2.02522,1.99662,0
2.0614,2.1448,0
1.92228,1.94368,0
1.50987,1.54816,1.06535e+09
1.51546,1.45464,1.06535e+09
1.90265,1.93068,0
1.53831,1.48772,1.06535e+09
1.51711,1.51775,1.06535e+09
1.99025,1.96279,0
1.50422,1.46157,1.06535e+09
1.47832,1.50537,1.06535e+09
2.01313,2.00637,0
1.50896,1.53142,1.06535e+09
1.4928,1.5525,1.06535e+09
1.4985,1.46782,1.06535e+09
1.89483,1.93691,0
1.99387,1.91633,0
1.42417,1.48907,1.06535e+09
2.08719,1.99415,0
1.98564,2.03969,0
1.49665,1.60552,1.06535e+09
1.49297,1.58276,1.06535e+09
1.60939,1.53092,1.06535e+09
1.40015,1.57012,1.06535e+09
1.53196,1.47156,1.06535e+09
2.0275,2.09956,0
2.03707,2.05272,0
1.50638,1.50144,1.06535e+09
1.4831,1.51323,1.06535e+09
2.02145,1.94244,0
1.46991,1.56166,1.06535e+09
1.49543,1.53723,1.06535e+09
2.05603,2.00068,0
1.5172,1.46651,1.06535e+09
1.47999,1.47677,1.06535e+09
2.08282,2.00095,0
1.55956,1.53799,1.06535e+09
1.91128,1.97628,0
1.5484,1.57685,1.06535e+09
1.98949,2.01239,0
1.41938,1.56673,1.06535e+09
2.01181,1.96933,0
1.99763,2.0788,0
2.01374,1.96064,0
1.91472,2.0192,0
1.54724,1.47544,1.06535e+09
2.04299,2.04409,0
2.00556,2.03594,0
1.48719,1.38851,1.06535e+09
1.97053,2.05926,0
2.01784,2.1456,0
1.92931,2.02715,0
2.08619,1.96568,0
1.98992,2.02498,0
1.99411,2.02334,0
1.56927,1.49783,1.06535e+09
1.95212,2.09263,0
1.52693,1.45581,1.06535e+09
1.43752,1.53317,1.06535e+09
1.46842,1.49162,1.06535e+09
1.97038,1.99276,0
1.56464,1.57378,1.06535e+09
2.01544,2.00745,0
1.96868,1.94871,0
1.47677,1.60329,1.06535e+09
1.95075,1.99698,0
1.53361,1.48334,1.06535e+09
1.51819,1.49569,1.06535e+09
2.00319,2.02533,0
1.4274,1.44585,1.06535e+09
2.0907,2.02933,0
1.92762,1.9539,0
1.48881,1.42569,1.06535e+09
2.01713,2.07108,0
1.46411,1.46096,1.06535e+09
1.96148,2.05651,0
1.52916,1.51745,1.06535e+09
2.09639,2.08526,0
1.98592,2.02717,0
1.90064,2.06894,0
1.52833,1.54531,1.06535e+09
2.1102,2.0277,0
1.49106,1.55167,1.06535e+09
1.53402,1.50471,1.06535e+09
1.95584,2.00251,0
1.93607,2.03331,0
2.11236,2.006,0
2.02983,2.04676,0
2.05667,1.94779,0
1.55654,1.52399,1.06535e+09
1.5046,1.48776,1.06535e+09
1.46174,1.55965,1.06535e+09
1.54763,1.47267,1.06535e+09
1.55155,1.57215,1.06535e+09
2.00124,2.08191,0
1.39897,1.48638,1.06535e+09
1.49906,1.55319,1.06535e+09
1.52004,1.56084,1.06535e+09
1.54895,1.51247,1.06535e+09
1.93617,2.05565,0
1.99129,2.0212,0
1.53669,1.46583,1.06535e+09
1.47365,1.48579,1.06535e+09
2.07893,2.00992,0
2.04097,2.0206,0
1.56316,1.46139,1.06535e+09
1.5554,1.50868,1.06535e+09
1.91885,1.9519,0
1.92323,1.97101,0
1.97338,2.04754,0
2.01799,1.86689,0
1.54605,1.50516,1.06535e+09
1.44737,1.56962,1.06535e+09
1.89047,1.9782,0
1.5328,1.48724,1.06535e+09
2.00789,1.9836,0
1.46445,1.55121,1.06535e+09
2.14299,2.01904,0
1.49125,1.56661,1.06535e+09
1.48409,1.52693,1.06535e+09
1.46101,1.59937,1.06535e+09
1.95124,1.97386,0
1.52051,1.54398,1.06535e+09
1.4828,1.44572,1.06535e+09
1.89079,2.03995,0
1.52364,1.5092,1.06535e+09
1.49475,1.51612,1.06535e+09
2.05159,1.98753,0
1.46484,1.5593,1.06535e+09
1.98021,2.00035,0
2.07197,2.09689,0
1.4327,1.43979,1.06535e+09
2.00007,1.95393,0
2.00566,1.97152,0
1.51202,1.55451,1.06535e+09
1.44391,1.4615,1.06535e+09
1.43581,1.45049,1.06535e+09
1.49549,1.45906,1.06535e+09
1.41662,1.44269,1.06535e+09
1.98399,1.94027,0
1.50732,1.51861,1.06535e+09
2.06568,1.91627,0
1.49435,1.44788,1.06535e+09
2.04556,2.05377,0
1.53749,1.51297,1.06535e+09
1.42215,1.52536,1.06535e+09
1.94917,2.00683,0
1.97046,1.98935,0
1.60328,1.45784,1.06535e+09
1.98168,1.90814,0
1.97441,2.03231,0
2.04279,1.98811,0
1.95924,1.97391,0
1.50176,1.5039,1.06535e+09
1.45908,1.52694,1.06535e+09
1.97311,1.98275,0
1.4801,1.53655,1.06535e+09
1.55272,1.49975,1.06535e+09
1.51045,1.52527,1.06535e+09
1.95466,2.06798,0
1.45603,1.47295,1.06535e+09
1.52828,1.51907,1.06535e+09
1.92804,2.04745,0
1.96448,2.02835,0
1.97496,2.03817,0
1.54739,1.46723,1.06535e+09
2.00396,1.99357,0
1.41418,1.45701,1.06535e+09
1.49965,1.6077,1.06535e+09
2.01377,2.00087,0
1.46953,1.4623,1.06535e+09
1.53358,1.55191,1.06535e+09
1.57311,1.43867,1.06535e+09
1.56772,1.44323,1.06535e+09
1.50654,1.41578,1.06535e+09
2.06582,1.9822,0
2.02922,2.02736,0
1.53579,1.50638,1.06535e+09
1.55416,1.46987,1.06535e+09
2.02313,2.03296,0
1.51484,1.50079,1.06535e+09
2.06286,2.0488,0
1.47949,1.44675,1.06535e+09
1.56485,1.56682,1.06535e+09
1.98186,1.98689,0
2.0489,1.94031,0
1.41897,1.4529,1.06535e+09
1.48643,1.418,1.06535e+09
2.07075,1.98225,0
1.98184,1.99594,0
1.94391,2.048,0
1.99486,1.97707,0
1.55296,1.48307,1.06535e+09
1.52931,1.41733,1.06535e+09
2.01166,1.98174,0
1.57843,1.48926,1.06535e+09
2.04561,2.06528,0
1.9712,1.97359,0
1.45131,1.54279,1.06535e+09
1.5464,1.49996,1.06535e+09
1.49094,1.52135,1.06535e+09
2.04466,1.98594,0
2.05266,2.00257,0
1.96163,2.02655,0
2.05975,2.03357,0
1.58056,1.46659,1.06535e+09
1.92329,2.00526,0
2.00808,1.96636,0
1.99618,1.9872,0
1.53726,1.46411,1.06535e+09
1.53053,1.53813,1.06535e+09
1.51212,1.55917,1.06535e+09
2.08185,1.94651,0
1.52953,1.51665,1.06535e+09
1.61162,1.47993,1.06535e+09
1.99028,1.99069,0
1.48635,1.44878,1.06535e+09
2.0694,2.00756,0
1.97111,2.06211,0
1.29642,1.52256,1.06535e+09
2.03053,2.06087,0
1.51005,1.53156,1.06535e+09
2.03039,1.97946,0
1.56319,1.54098,1.06535e+09
1.44456,1.55304,1.06535e+09
1.9897,2.11206,0
2.07423,1.9218,0
1.93527,1.95233,0
2.0681,1.96924,0
1.42777,1.43763,1.06535e+09
1.45949,1.52298,1.06535e+09
1.48462,1.48051,1.06535e+09
1.44124,1.53632,1.06535e+09
2.03172,2.0229,0
1.4887,1.51067,1.06535e+09
2.06491,2.06657,0
2.01125,1.96684,0
1.43454,1.45035,1.06535e+09
1.47282,1.5544,1.06535e+09
1.51184,1.46582,1.06535e+09
2.01091,1.94418,0
1.59185,1.48926,1.06535e+09
1.53456,1.52013,1.06535e+09
2.0592,2.01185,0
2.02209,2.04356,0
1.9861,2.0759,0
1.55004,1.53523,1.06535e+09
1.38609,1.5238,1.06535e+09
1.40846,1.54426,1.06535e+09
1.96169,1.97911,0
1.4879,1.44006,1.06535e+09
1.52414,1.55191,1.06535e+09
1.58059,1.52307,1.06535e+09
1.97036,2.01631,0
1.50874,1.48014,1.06535e+09
1.52484,1.54082,1.06535e+09
1.51751,1.53489,1.06535e+09
1.56985,1.50637,1.06535e+09
1.93683,2.01759,0
2.02741,1.99836,0
1.44883,1.45285,1.06535e+09
1.54768,1.5018,1.06535e+09
1.9859,2.06263,0
2.01454,1.98794,0
1.40505,1.52686,1.06535e+09
1.51105,1.4964,1.06535e+09
2.06339,1.93761,0
1.51057,1.47681,1.06535e+09
1.56589,1.44833,1.06535e+09
1.9927,2.05429,0
1.98197,2.0206,0
1.48667,1.49826,1.06535e+09
1.55386,1.52182,1.06535e+09
2.04224,2.03065,0
2.06828,1.95938,0
1.97221,2.08768,0
2.06707,2.12657,0
1.46535,1.45561,1.06535e+09
1.93678,2.0669,0
2.00666,2.03491,0
1.49556,1.50442,1.06535e+09
2.04732,2.01225,0
1.96105,2.03068,0
1.90797,2.02025,0
1.52869,1.40351,1.06535e+09
2.01349,2.00958,0
1.56403,1.42016,1.06535e+09
1.40509,1.49663,1.06535e+09
1.45214,1.51278,1.06535e+09
1.45918,1.52266,1.06535e+09
1.56231,1.41712,1.06535e+09
1.35054,1.48672,1.06535e+09
1.51509,1.46827,1.06535e+09
1.95641,1.93246,0
2.04827,2.07581,0
2.00436,1.96941,0
1.97947,2.09796,0
1.54268,1.52605,1.06535e+09
1.96446,2.05581,0
1.99639,1.97656,0
1.93948,2.02121,0
1.5013,1.47037,1.06535e+09
1.48215,1.44914,1.06535e+09
1.99022,2.03594,0
2.00885,1.94329,0
2.0127,2.00572,0
1.97329,1.93773,0
1.4974,1.54699,1.06535e+09
1.49014,1.45456,1.06535e+09
2.07025,1.9705,0
2.00499,1.99768,0
1.5436,1.52082,1.06535e+09
2.05743,2.06984,0
1.48837,1.48153,1.06535e+09
1.48729,1.42404,1.06535e+09
1.42675,1.46923,1.06535e+09
2.01155,1.9273,0
1.99187,1.90451,0
1.98783,2.0539,0
1.53145,1.51717,1.06535e+09
2.04656,1.9943,0
2.02115,1.99944,0
1.95869,1.97032,0
1.49228,1.49323,1.06535e+09
1.96637,1.90766,0
1.50445,1.47002,1.06535e+09
1.51304,1.49447,1.06535e+09
2.0073,2.01589,0
2.0003,1.98323,0
1.54397,1.46178,1.06535e+09
1.43132,1.55435,1.06535e+09
1.52043,1.52905,1.06535e+09
1.91693,2.02944,0
1.58934,1.38435,1.06535e+09
1.47455,1.5267,1.06535e+09
1.51245,1.61594,1.06535e+09
1.41754,1.49981,1.06535e+09
1.96632,1.90251,0
2.07341,2.03626,0
1.50121,1.51585,1.06535e+09
1.4467,1.47646,1.06535e+09
1.47702,1.51408,1.06535e+09
2.0851,2.0503,0
1.53161,1.54956,1.06535e+09
1.99757,2.11631,0
2.00007,2.00734,0
1.4309,1.48121,1.06535e+09
1.92784,1.94677,0
1.39216,1.5042,1.06535e+09
2.03009,1.9422,0
1.87927,2.03541,0
2.00427,1.96837,0
1.86569,1.99899,0
2.06118,2.00637,0
1.41979,1.61051,1.06535e+09
1.45659,1.50751,1.06535e+09
1.58658,1.45614,1.06535e+09
2.01579,1.953,0
1.98681,1.98979,0
2.01965,1.94411,0
2.03108,2.0632,0
2.07635,1.98356,0
1.46493,1.47033,1.06535e+09
1.96559,1.92534,0
1.45647,1.49604,1.06535e+09
1.43216,1.46317,1.06535e+09
2.04125,1.96591,0
2.00362,1.98136,0
2.11733,1.89596,0
1.52981,1.50292,1.06535e+09
1.50183,1.5164,1.06535e+09
1.50362,1.51301,1.06535e+09
1.48675,1.513,1.06535e+09
1.95802,1.98715,0
1.9739,1.9702,0
1.55386,1.51842,1.06535e+09
1.9376,2.02635,0
1.56728,1.59383,1.06535e+09
1.96327,1.93809,0
2.0067,1.98094,0
1.49337,1.43726,1.06535e+09
2.11228,1.97932,0
1.92367,2.05684,0
1.47164,1.49089,1.06535e+09
1.47985,1.42092,1.06535e+09
1.45379,1.45635,1.06535e+09
1.55194,1.54536,1.06535e+09
1.91249,2.0344,0
1.9847,1.99622,0
2.01057,2.03551,0
1.43711,1.50725,1.06535e+09
1.9932,2.03551,0
1.98378,1.97592,0
1.52442,1.42436,1.06535e+09
1.4514,1.5356,1.06535e+09
2.03059,2.03288,0
1.46692,1.39208,1.06535e+09
1.39375,1.53482,1.06535e+09
1.57236,1.4784,1.06535e+09
1.51731,1.55408,1.06535e+09
2.04396,1.95191,0
2.00593,1.99731,0
2.08418,2.00368,0
1.94429,2.07466,0
2.04846,1.97931,0
1.95951,1.97463,0
1.45286,1.52729,1.06535e+09
1.447,1.5157,1.06535e+09
2.02292,1.92478,0
1.53815,1.51175,1.06535e+09
1.9331,1.92536,0
1.51027,1.35311,1.06535e+09
1.57816,1.556,1.06535e+09
2.07413,1.97916,0
2.11031,1.99837,0
1.558,1.49356,1.06535e+09
2.02687,2.00815,0
2.12575,2.00319,0
1.54213,1.45772,1.06535e+09
2.00989,2.01588,0
1.39375,1.47096,1.06535e+09
1.97532,1.96873,0
1.48434,1.47412,1.06535e+09
1.57364,1.46688,1.06535e+09
1.4559,1.5443,1.06535e+09
1.5248,1.48722,1.06535e+09
1.96706,2.0208,0
2.04395,2.08993,0
1.52073,1.4519,1.06535e+09
1.99113,1.94586,0
1.97695,2.06389,0
1.92714,1.96409,0
1.97759,1.92859,0
1.92601,2.01241,0
1.43032,1.43163,1.06535e+09
2.00481,2.09384,0
1.46907,1.53694,1.06535e+09
1.50698,1.56776,1.06535e+09
2.07372,1.95182,0
1.45586,1.44388,1.06535e+09
2.06452,1.95021,0
1.50104,1.52124,1.06535e+09
1.48296,1.4734,1.06535e+09
2.01034,2.01087,0
1.99619,2.01977,0
1.98898,1.93223,0
1.53296,1.5368,1.06535e+09
1.47793,1.5094,1.06535e+09
1.94609,1.97251,0
1.9738,2.03432,0
1.4489,1.4582,1.06535e+09
2.02388,1.93264,0
1.97338,1.96077,0
2.06004,2.06701,0
2.01,2.02228,0
1.98083,1.97611,0
2.01055,1.99024,0
2.05071,2.11113,0
1.89673,2.02968,0
1.95217,2.02213,0
2.07179,1.98825,0
1.35264,1.54381,1.06535e+09
2.09137,2.03615,0
1.63443,1.38648,1.06535e+09
1.96356,2.0373,0
1.57175,1.44665,1.06535e+09
1.4972,1.48393,1.06535e+09
1.98575,2.02295,0
1.48793,1.5044,1.06535e+09
1.97759,1.99428,0
1.92973,2.02009,0
1.99202,1.99063,0
2.00456,2.05456,0
1.55423,1.49383,1.06535e+09
1.44837,1.59239,1.06535e+09
2.00945,2.05865,0
1.55812,1.49165,1.06535e+09
1.93483,2.00762,0
2.07574,1.95006,0
2.00156,2.0091,0
1.52669,1.52708,1.06535e+09
1.45058,1.54409,1.06535e+09
1.56252,1.53404,1.06535e+09
1.92775,2.02875,0
1.50452,1.42001,1.06535e+09
2.00912,2.01842,0
1.95508,2.03193,0
1.96792,2.03433,0
1.4987,1.47966,1.06535e+09
1.51263,1.51429,1.06535e+09
1.99776,1.96538,0
2.13807,2.00837,0
1.9177,1.97582,0
1.45981,1.4898,1.06535e+09
1.50059,1.55208,1.06535e+09
1.43385,1.52075,1.06535e+09
1.49445,1.46665,1.06535e+09
1.43923,1.45415,1.06535e+09
1.50362,1.40609,1.06535e+09
1.54673,1.50584,1.06535e+09
2.0509,1.95047,0
1.50109,1.56258,1.06535e+09
2.10118,2.07279,0
2.01972,2.09653,0
1.45115,1.48311,1.06535e+09
1.98682,1.99081,0
1.95094,1.97339,0
1.99004,2.08062,0
1.45791,1.52917,1.06535e+09
1.98762,1.93473,0
1.96299,2.01379,0
2.14055,2.02274,0
1.51805,1.41749,1.06535e+09
1.44263,1.55176,1.06535e+09
2.09045,2.03478,0
1.93701,1.98732,0
1.53883,1.4595,1.06535e+09
1.43238,1.47243,1.06535e+09
1.99844,2.08059,0
1.57398,1.43744,1.06535e+09
2.00532,1.9852,0
2.03848,1.99706,0
1.9838,2.09419,0
1.48259,1.40679,1.06535e+09
2.0403,2.04105,0
1.94845,2.09539,0
1.49112,1.49143,1.06535e+09
1.4503,1.47534,1.06535e+09
1.97314,1.92617,0
1.54382,1.49411,1.06535e+09
1.98078,1.97776,0
1.52786,1.35569,1.06535e+09
1.94155,2.05173,0
1.98651,2.0758,0
1.43417,1.50817,1.06535e+09
1.54342,1.46603,1.06535e+09
1.99294,2.0233,0
1.49273,1.45291,1.06535e+09
1.46947,1.45551,1.06535e+09
1.51782,1.54933,1.06535e+09
2.00278,1.91945,0
1.50349,1.52513,1.06535e+09
1.88024,2.0577,0
1.49877,1.46094,1.06535e+09
1.4734,1.49729,1.06535e+09
1.46467,1.51558,1.06535e+09
1.49949,1.48403,1.06535e+09
2.00065,2.0399,0
2.01043,2.13023,0
1.93156,1.99564,0
1.90286,2.04894,0
1.54074,1.4351,1.06535e+09
1.45202,1.49589,1.06535e+09
1.99696,1.87828,0
1.99672,1.98957,0
1.98408,2.00791,0
2.0211,2.10468,0
1.51058,1.5126,1.06535e+09
1.48669,1.45186,1.06535e+09
2.03939,1.99027,0
1.54235,1.3751,1.06535e+09
2.02784,2.00926,0
1.47583,1.56123,1.06535e+09
1.92334,1.9961,0
1.4668,1.53013,1.06535e+09
1.98378,1.97906,0
1.54246,1.53991,1.06535e+09
1.53178,1.49264,1.06535e+09
2.02968,1.96715,0
1.99628,1.93252,0
1.50514,1.53613,1.06535e+09
1.51869,1.39117,1.06535e+09
1.98142,2.03871,0
1.57467,1.46279,1.06535e+09
1.98376,2.02541,0
2.003,2.04369,0
1.94038,2.00051,0
1.45059,1.49253,1.06535e+09
1.53606,1.47055,1.06535e+09
2.00804,2.08722,0
1.5351,1.5492,1.06535e+09
1.57246,1.52682,1.06535e+09
1.94903,1.98102,0
1.49801,1.53859,1.06535e+09
1.9872,1.96233,0
1.96814,1.98739,0
1.49625,1.45797,1.06535e+09
1.96111,2.12904,0
1.96716,2.07566,0
1.51582,1.48717,1.06535e+09
1.4267,1.54419,1.06535e+09
1.46472,1.46122,1.06535e+09
2.03101,1.98174,0
1.46046,1.56821,1.06535e+09
1.61818,1.49929,1.06535e+09
1.3711,1.51373,1.06535e+09
1.94509,2.03966,0
1.43226,1.48359,1.06535e+09
1.44917,1.56014,1.06535e+09
1.44434,1.4744,1.06535e+09
1.97758,2.05628,0
1.43928,1.44444,1.06535e+09
2.00777,2.00133,0
2.02373,1.94177,0
1.89989,1.92839,0
1.58728,1.47815,1.06535e+09
1.91446,2.00982,0
1.5697,1.59724,1.06535e+09
2.08639,2.11023,0
1.96148,2.01856,0
1.51659,1.48484,1.06535e+09
2.00194,1.9377,0
1.93679,1.97991,0
1.9538,1.96598,0
1.45662,1.41889,1.06535e+09
1.99136,2.07233,0
1.45613,1.42347,1.06535e+09
1.48618,1.54546,1.06535e+09
1.57816,1.50833,1.06535e+09
1.46096,1.51587,1.06535e+09
2.01855,1.91785,0
2.02735,2.08861,0
2.09761,1.98997,0
1.54136,1.44913,1.06535e+09
1.99887,2.12997,0
2.02793,1.96935,0
1.45353,1.47506,1.06535e+09
2.12788,2.02665,0
2.09938,2.04102,0
2.01877,2.06477,0
2.00384,1.98198,0
1.55143,1.57146,1.06535e+09
1.45413,1.41725,1.06535e+09
1.96946,2.04651,0
2.10439,1.96037,0
1.94962,1.95247,0
1.48344,1.40037,1.06535e+09
1.50388,1.51382,1.06535e+09
1.44806,1.5847,1.06535e+09
2.0398,1.98567,0
1.4935,1.50383,1.06535e+09
2.11161,1.98632,0
2.08396,2.05077,0
1.56012,1.47707,1.06535e+09
2.04066,1.98265,0
1.41505,1.43669,1.06535e+09
1.49815,1.50309,1.06535e+09
1.42705,1.54122,1.06535e+09
1.52021,1.55441,1.06535e+09
1.99402,2.04236,0
2.00759,2.04058,0
1.52151,1.61813,1.06535e+09
2.07701,2.02333,0
1.93919,2.08469,0
1.42223,1.4559,1.06535e+09
1.49072,1.44398,1.06535e+09
1.53347,1.47983,1.06535e+09
2.01397,1.95723,0
1.519,1.4314,1.06535e+09
1.42887,1.53047,1.06535e+09
1.45438,1.54761,1.06535e+09
1.97233,1.96387,0
1.44546,1.49716,1.06535e+09
1.4786,1.53696,1.06535e+09
1.4025,1.49971,1.06535e+09
1.4194,1.51268,1.06535e+09
1.48756,1.45452,1.06535e+09
1.51649,1.45239,1.06535e+09
1.4364,1.53132,1.06535e+09
1.51649,1.57576,1.06535e+09
1.4977,1.61208,1.06535e+09
1.9568,1.98689,0
2.06751,2.08284,0
1.54516,1.41257,1.06535e+09
2.00079,2.01477,0
2.01522,1.95052,0
1.50329,1.48646,1.06535e+09
1.98762,1.99185,0
1.53729,1.48797,1.06535e+09
1.584,1.41643,1.06535e+09
1.89665,2.00674,0
2.01653,2.06125,0
1.47256,1.47104,1.06535e+09
1.95665,2.06175,0
1.52685,1.55562,1.06535e+09
1.40508,1.51898,1.06535e+09
1.44473,1.56286,1.06535e+09
1.62212,1.55643,1.06535e+09
1.51512,1.51834,1.06535e+09
1.49805,1.41248,1.06535e+09
1.9249,1.97747,0
1.49191,1.4565,1.06535e+09
1.52076,1.56747,1.06535e+09
1.98108,1.96042,0
1.49079,1.55656,1.06535e+09
1.54569,1.44936,1.06535e+09
1.54573,1.5232,1.06535e+09
1.97766,1.91736,0
2.04375,1.96836,0
1.46036,1.57481,1.06535e+09
1.46303,1.49633,1.06535e+09
1.88627,2.02941,0
1.99673,2.05263,0
2.0023,2.03851,0
2.00877,1.9896,0
1.47698,1.51953,1.06535e+09
1.9901,1.96311,0
1.48447,1.52766,1.06535e+09
1.53198,1.5024,1.06535e+09
2.01331,1.98806,0
1.95444,2.05363,0
1.98342,2.00911,0
1.48538,1.50053,1.06535e+09
1.55986,1.41703,1.06535e+09
1.99694,2.07611,0
1.45532,1.43191,1.06535e+09
1.45984,1.48046,1.06535e+09
1.53119,1.45907,1.06535e+09
1.45362,1.44457,1.06535e+09
1.97528,2.00941,0
1.46552,1.53331,1.06535e+09
2.00102,2.04518,0
1.92697,1.92858,0
1.46664,1.50524,1.06535e+09
1.58922,1.51155,1.06535e+09
1.5374,1.44858,1.06535e+09
1.97338,2.11532,0
1.41555,1.4374,1.06535e+09
1.43293,1.47614,1.06535e+09
1.98003,2.00776,0
1.56823,1.49551,1.06535e+09
2.01805,1.97635,0
1.90729,1.9828,0
1.52165,1.57843,1.06535e+09
1.56417,1.43749,1.06535e+09
1.42918,1.53437,1.06535e+09
2.03673,2.13215,0
1.99111,1.96221,0
1.56343,1.49971,1.06535e+09
2.01906,2.02948,0
2.04113,1.95975,0
2.0115,1.93684,0
1.95371,1.98156,0
1.46905,1.52103,1.06535e+09
2.00523,1.96036,0
2.02277,1.96369,0
1.90651,1.91104,0
1.95865,2.02523,0
1.49795,1.40491,1.06535e+09
1.48016,1.59606,1.06535e+09
1.46969,1.53661,1.06535e+09
2.01427,1.96886,0
2.02906,1.94832,0
1.48589,1.49539,1.06535e+09
2.03886,1.95078,0
1.45066,1.39786,1.06535e+09
2.01028,1.9968,0
1.45817,1.55812,1.06535e+09
1.98906,2.02107,0
1.54833,1.42415,1.06535e+09
1.44059,1.51872,1.06535e+09
1.96353,1.95379,0
2.03549,1.92091,0
1.96885,2.01912,0
2.04545,2.06429,0
1.57485,1.4797,1.06535e+09
1.99661,2.00107,0
1.50816,1.56572,1.06535e+09
2.00283,1.93601,0
2.02772,1.95633,0
2.03645,2.03343,0
1.49607,1.55309,1.06535e+09
1.93575,1.99592,0
1.4315,1.45237,1.06535e+09
1.46643,1.4605,1.06535e+09
2.12725,2.0575,0
1.44853,1.54566,1.06535e+09
1.39246,1.50926,1.06535e+09
1.51084,1.54687,1.06535e+09
1.52315,1.43027,1.06535e+09
1.56706,1.56719,1.06535e+09
1.59773,1.45682,1.06535e+09
2.06141,1.9531,0
1.51663,1.46473,1.06535e+09
1.52909,1.4806,1.06535e+09
1.93644,2.06147,0
1.54164,1.40807,1.06535e+09
1.96689,2.03904,0
1.66402,1.51996,1.06535e+09
1.94362,2.01651,0
1.57972,1.4778,1.06535e+09
1.4315,1.49835,1.06535e+09
1.98427,1.94149,0
1.92659,2.02296,0
2.0486,2.05781,0
1.6143,1.48272,1.06535e+09
1.93915,2.11257,0
1.92744,2.03573,0
1.43837,1.54163,1.06535e+09
2.01341,2.07289,0
1.51834,1.53155,1.06535e+09
1.93161,1.99596,0
1.49483,1.38215,1.06535e+09
2.06853,2.01143,0
1.45369,1.48351,1.06535e+09
1.97999,2.0027,0
2.02854,1.92784,0
1.91143,2.00589,0
2.00587,2.0004,0
2.07222,2.05024,0
1.54364,1.42968,1.06535e+09
1.47028,1.48383,1.06535e+09
2.00639,1.93245,0
1.49888,1.46432,1.06535e+09
1.48376,1.47064,1.06535e+09
1.93199,1.94313,0
1.48693,1.3833,1.06535e+09
2.05844,1.98176,0
2.01321,2.05601,0
1.56341,1.47919,1.06535e+09
2.03583,2.00713,0
1.46032,1.43807,1.06535e+09
1.44452,1.48796,1.06535e+09
1.53775,1.48959,1.06535e+09
1.99855,1.97357,0
2.02744,2.00131,0
2.03604,1.95608,0
2.00854,2.0311,0
1.43511,1.46842,1.06535e+09
1.96286,2.04768,0
1.97195,1.983,0
2.01888,2.0258,0
2.0111,1.91342,0
1.56085,1.43338,1.06535e+09
1.99147,2.04467,0
2.01275,1.96578,0
2.08656,1.92628,0
1.98868,1.90571,0
1.50684,1.51713,1.06535e+09
1.99912,1.98226,0
1.89192,1.96518,0
1.40353,1.49554,1.06535e+09
2.01987,2.08846,0
2.03201,2.09251,0
1.98131,1.94773,0
1.93126,2.00048,0
1.95485,1.95209,0
1.45544,1.46968,1.06535e+09
1.43633,1.58241,1.06535e+09
1.93329,2.02434,0
1.52214,1.46922,1.06535e+09
1.52687,1.55687,1.06535e+09
2.04612,2.07331,0
2.01736,2.06048,0
2.00116,1.9807,0
2.05349,2.0519,0
2.15075,1.9719,0
1.53157,1.4068,1.06535e+09
1.60789,1.48966,1.06535e+09
1.44691,1.55184,1.06535e+09
2.0223,1.91321,0
1.54744,1.46234,1.06535e+09
1.51612,1.48863,1.06535e+09
1.42104,1.53634,1.06535e+09
1.99889,2.1033,0
1.59558,1.54186,1.06535e+09
1.45383,1.52752,1.06535e+09
1.48712,1.45601,1.06535e+09
1.58681,1.48584,1.06535e+09
1.57864,1.45669,1.06535e+09
1.5478,1.52867,1.06535e+09
1.46231,1.48026,1.06535e+09
1.42972,1.40689,1.06535e+09
1.53287,1.54769,1.06535e+09
1.54931,1.53468,1.06535e+09
1.39185,1.49101,1.06535e+09
1.46972,1.4575,1.06535e+09
2.06299,2.01688,0
1.50067,1.52126,1.06535e+09
2.02126,2.00197,0
2.02926,1.89045,0
2.06904,2.06558,0
1.48075,1.42924,1.06535e+09
2.00967,1.97404,0
1.55946,1.52783,1.06535e+09
2.00758,2.01774,0
1.96562,1.98719,0
1.47316,1.54468,1.06535e+09
1.49077,1.51376,1.06535e+09
1.62647,1.49941,1.06535e+09
2.02716,2.01443,0
1.57276,1.49485,1.06535e+09
1.49792,1.50483,1.06535e+09
1.46956,1.48445,1.06535e+09
1.50663,1.50664,1.06535e+09
2.11187,2.01541,0
2.08626,2.04485,0
1.48337,1.49505,1.06535e+09
1.54763,1.45098,1.06535e+09
1.547,1.44785,1.06535e+09
1.55889,1.45599,1.06535e+09
1.97538,1.91122,0
1.56894,1.39162,1.06535e+09
1.97243,1.98338,0
1.95183,1.98249,0
1.84325,2.05698,0
2.01591,2.06136,0
2.15119,1.9689,0
2.01675,2.01874,0
1.93807,2.02187,0
2.00724,1.97073,0
1.46471,1.48346,1.06535e+09
1.4925,1.38679,1.06535e+09
1.50804,1.55616,1.06535e+09
1.9799,1.92598,0
2.02038,1.93703,0
1.95349,1.93725,0
1.53973,1.47947,1.06535e+09
1.92566,2.07427,0
1.46797,1.49554,1.06535e+09
1.50533,1.54873,1.06535e+09
1.49455,1.46413,1.06535e+09
2.04269,2.01537,0
1.63949,1.48046,1.06535e+09
1.98345,2.02363,0
1.96202,2.03719,0
1.44104,1.47256,1.06535e+09
2.04878,1.98723,0
1.96403,2.09871,0
1.98789,1.9743,0
1.4856,1.58784,1.06535e+09
1.9956,2.04698,0
1.95169,1.95408,0
2.09627,2.09232,0
1.52784,1.53041,1.06535e+09
2.06336,1.99497,0
1.94281,1.99707,0
1.9829,1.96965,0
2.06489,1.99663,0
2.00642,2.07244,0
1.63024,1.56452,1.06535e+09
1.98056,1.92217,0
1.48403,1.49133,1.06535e+09
1.46359,1.4358,1.06535e+09
1.55857,1.5664,1.06535e+09
1.50468,1.44177,1.06535e+09
1.95849,2.06267,0
1.53473,1.51178,1.06535e+09
1.99432,1.97008,0
2.03953,2.02538,0
1.51462,1.42872,1.06535e+09
1.99633,1.9887,0
1.58074,1.42833,1.06535e+09
1.45973,1.51751,1.06535e+09
2.01804,2.01277,0
2.06456,1.98793,0
1.97539,2.01113,0
1.97772,1.94214,0
1.48468,1.51238,1.06535e+09
1.57168,1.44181,1.06535e+09
1.52048,1.51378,1.06535e+09
1.52121,1.45135,1.06535e+09
1.52811,1.48884,1.06535e+09
1.48183,1.46462,1.06535e+09
1.42359,1.51497,1.06535e+09
1.45619,1.50361,1.06535e+09
1.52906,1.5011,1.06535e+09
1.59768,1.56523,1.06535e+09
1.98314,1.95609,0
1.50618,1.49227,1.06535e+09
1.47381,1.45361,1.06535e+09
1.95469,2.02581,0
1.96236,2.1018,0
2.04362,1.96919,0
1.57202,1.42576,1.06535e+09
1.45246,1.43482,1.06535e+09
2.05835,1.96519,0
1.49689,1.50929,1.06535e+09
1.58827,1.5129,1.06535e+09
1.43633,1.51896,1.06535e+09
2.0166,1.9674,0
2.11704,2.0364,0
2.0219,1.99546,0
2.01877,2.04599,0
1.97462,1.96152,0
1.48183,1.49747,1.06535e+09
1.96604,2.01417,0
1.53564,1.43202,1.06535e+09
2.1216,2.08348,0
1.98454,1.92713,0
1.53111,1.53308,1.06535e+09
1.9975,2.02087,0
1.50349,1.59181,1.06535e+09
1.55105,1.46166,1.06535e+09
1.98771,1.93421,0
2.00636,2.03626,0
2.0597,1.94006,0
1.99331,1.96175,0
1.4512,1.36473,1.06535e+09
2.03987,2.03036,0
1.52443,1.55042,1.06535e+09
1.53187,1.58616,1.06535e+09
2.07208,2.01988,0
1.46855,1.52313,1.06535e+09
1.52532,1.46246,1.06535e+09
1.43724,1.5046,1.06535e+09
2.05846,1.99251,0
2.0015,1.96686,0
1.4136,1.46585,1.06535e+09
1.93882,2.00026,0
2.07425,2.00591,0
1.4851,1.42177,1.06535e+09
1.9627,1.93853,0
2.03394,1.98631,0
1.53957,1.48702,1.06535e+09
1.9589,2.04958,0
2.01958,1.99233,0
1.46657,1.48497,1.06535e+09
1.9521,2.00087,0
1.46857,1.43327,1.06535e+09
1.98494,2.06801,0
1.50691,1.45756,1.06535e+09
1.47899,1.5085,1.06535e+09
1.48615,1.47879,1.06535e+09
1.5307,1.62772,1.06535e+09
2.03463,2.0053,0
2.02485,2.01331,0
1.97348,1.9617,0
1.5728,1.56135,1.06535e+09
2.01512,1.96702,0
1.49638,1.48711,1.06535e+09
1.98191,1.99916,0
1.93945,1.92656,0
2.03787,2.01347,0
1.50039,1.51289,1.06535e+09
1.49073,1.42721,1.06535e+09
1.54696,1.53385,1.06535e+09
1.5144,1.48424,1.06535e+09
2.07213,1.98893,0
1.46473,1.50338,1.06535e+09
1.49246,1.48503,1.06535e+09
1.9708,1.94809,0
2.07824,2.01537,0
1.526,1.60526,1.06535e+09
1.44755,1.53134,1.06535e+09
1.4784,1.49785,1.06535e+09
2.0844,2.01119,0
1.49925,1.49866,1.06535e+09
1.53277,1.49073,1.06535e+09
1.53413,1.4466,1.06535e+09
2.07093,2.01603,0
1.44166,1.49459,1.06535e+09
1.51649,1.49648,1.06535e+09
1.52731,1.30909,1.06535e+09
2.00811,1.94773,0
2.10474,2.00726,0
2.00516,2.05477,0
1.95988,2.06252,0
1.56498,1.55482,1.06535e+09
1.97495,1.97957,0
2.02423,1.98562,0
2.03406,2.02608,0
1.45919,1.44162,1.06535e+09
1.49318,1.5572,1.06535e+09
1.51958,1.51334,1.06535e+09
1.50761,1.44644,1.06535e+09
2.05048,2.00508,0
1.50775,1.5366,1.06535e+09
1.97075,1.98813,0
1.49419,1.47289,1.06535e+09
1.51651,1.47818,1.06535e+09
1.50029,1.50956,1.06535e+09
1.51387,1.55422,1.06535e+09
1.49058,1.4514,1.06535e+09
1.97865,1.93668,0
1.96654,1.98978,0
1.96597,1.95999,0
1.46016,1.43268,1.06535e+09
1.51919,1.57952,1.06535e+09
1.50812,1.52939,1.06535e+09
1.47639,1.50764,1.06535e+09
1.47177,1.45806,1.06535e+09
2.03308,2.0262,0
1.39468,1.43149,1.06535e+09
1.99961,2.01973,0
1.53926,1.50461,1.06535e+09
1.97447,1.99142,0
1.41484,1.5567,1.06535e+09
1.93264,2.00466,0
1.92474,1.95648,0
1.91995,1.94032,0
2.02076,1.9565,0
1.95152,1.91939,0
2.03162,2.0463,0
1.48869,1.52004,1.06535e+09
2.01938,2.01404,0
2.01464,2.03209,0
1.48329,1.48992,1.06535e+09
1.56962,1.55779,1.06535e+09
2.04356,1.97587,0
2.00505,1.98585,0
1.44154,1.55037,1.06535e+09
1.52579,1.59372,1.06535e+09
1.513,1.53508,1.06535e+09
1.48386,1.53745,1.06535e+09
1.54716,1.53426,1.06535e+09
1.47249,1.46365,1.06535e+09
1.50024,1.51201,1.06535e+09
1.50633,1.49854,1.06535e+09
1.92615,2.09487,0
1.97829,2.01633,0
1.93627,1.94135,0
1.51099,1.56986,1.06535e+09
2.0468,1.99869,0
2.06725,2.05059,0
1.45049,1.48992,1.06535e+09
1.52281,1.52743,1.06535e+09
1.94389,1.98708,0
1.99294,2.09864,0
1.46107,1.44934,1.06535e+09
1.44243,1.49632,1.06535e+09
2.04769,2.05591,0
1.99363,1.96956,0
2.09021,1.93986,0
1.53467,1.53343,1.06535e+09
2.02829,1.95047,0
2.0459,1.97275,0
1.98662,2.00435,0
1.47945,1.51707,1.06535e+09
1.49714,1.49199,1.06535e+09
1.47362,1.54587,1.06535e+09
2.01027,1.96075,0
1.98321,1.93969,0
1.49162,1.46019,1.06535e+09
1.54945,1.57498,1.06535e+09
1.54022,1.57059,1.06535e+09
1.46036,1.42257,1.06535e+09
1.43582,1.46157,1.06535e+09
1.51943,1.4766,1.06535e+09
1.56126,1.50023,1.06535e+09
1.44074,1.45852,1.06535e+09
1.51795,1.56476,1.06535e+09
1.44287,1.45817,1.06535e+09
1.98336,1.91092,0
1.92773,2.0038,0
1.53912,1.45025,1.06535e+09
1.9537,1.99789,0
1.51552,1.50429,1.06535e+09
2.05765,1.95553,0
1.97909,1.9684,0
1.93863,2.00636,0
1.39855,1.4558,1.06535e+09
1.50906,1.52726,1.06535e+09
2.05443,2.0137,0
2.04402,2.07462,0
2.06686,1.95196,0
1.46474,1.48304,1.06535e+09
1.93011,2.02378,0
1.4262,1.44303,1.06535e+09
2.03044,2.09005,0
2.00082,1.99383,0
1.56852,1.50363,1.06535e+09
1.46644,1.45906,1.06535e+09
1.99577,1.96968,0
2.05509,2.07364,0
2.06734,1.96965,0
1.5462,1.56021,1.06535e+09
2.02063,2.04365,0
1.44566,1.54729,1.06535e+09
2.00574,1.98988,0
1.54845,1.39898,1.06535e+09
1.48012,1.55966,1.06535e+09
2.05076,2.02283,0
1.52052,1.52379,1.06535e+09
1.97699,2.02645,0
1.47948,1.53491,1.06535e+09
1.87935,2.05385,0
2.03816,2.07384,0
1.96638,1.98233,0
1.46227,1.55938,1.06535e+09
1.94051,1.96755,0
1.44027,1.57468,1.06535e+09
1.45554,1.53212,1.06535e+09
1.38533,1.55226,1.06535e+09
1.52525,1.5412,1.06535e+09
1.58948,1.55821,1.06535e+09
1.47637,1.55157,1.06535e+09
1.91731,2.06059,0
2.04921,1.96829,0
1.50488,1.457,1.06535e+09
1.4955,1.5686,1.06535e+09
2.03014,2.02442,0
1.51298,1.50587,1.06535e+09
1.41988,1.53295,1.06535e+09
1.5075,1.48198,1.06535e+09
1.61366,1.41951,1.06535e+09
1.51493,1.49882,1.06535e+09
1.90608,2.02705,0
2.011,2.06587,0
1.95574,1.9528,0
2.02214,1.9851,0
1.53734,1.52927,1.06535e+09
1.55893,1.50612,1.06535e+09
1.99809,1.98127,0
2.0262,1.9416,0
1.51377,1.45108,1.06535e+09
2.05481,2.00371,0
1.97454,1.96111,0
2.00227,2.04213,0
1.51347,1.4693,1.06535e+09
2.04963,2.03359,0
1.49768,1.48556,1.06535e+09
1.57065,1.50722,1.06535e+09
1.50631,1.43142,1.06535e+09
2.02713,2.09732,0
1.48764,1.48627,1.06535e+09
2.05307,2.08233,0
2.05527,1.94768,0
1.93313,2.00654,0
1.95335,1.91681,0
1.46266,1.4831,1.06535e+09
1.52269,1.45336,1.06535e+09
1.44581,1.45874,1.06535e+09
1.49014,1.51153,1.06535e+09
1.93594,1.96769,0
2.05459,1.93883,0
1.49128,1.46916,1.06535e+09
1.97107,1.9546,0
1.45856,1.45842,1.06535e+09
1.56132,1.59081,1.06535e+09
1.48042,1.53274,1.06535e+09
1.4507,1.43552,1.06535e+09
1.88253,2.01205,0
1.58114,1.49386,1.06535e+09
1.44616,1.44494,1.06535e+09
1.50608,1.39584,1.06535e+09
1.93676,2.02985,0
1.43354,1.48698,1.06535e+09
1.53492,1.4882,1.06535e+09
1.5081,1.51042,1.06535e+09
1.59928,1.50937,1.06535e+09
1.45067,1.5358,1.06535e+09
1.9736,2.03841,0
1.55586,1.50884,1.06535e+09
2.00325,1.99627,0
1.98442,2.03241,0
1.99491,2.00377,0
1.98071,2.01742,0
2.04253,2.01401,0
1.51058,1.62399,1.06535e+09
1.93344,1.94584,0
1.99482,1.98139,0
2.00422,2.12431,0
2.00718,2.00378,0
2.00942,1.99429,0
1.99573,1.93846,0
1.47799,1.52923,1.06535e+09
1.52961,1.40996,1.06535e+09
1.98657,1.99263,0
1.61571,1.52668,1.06535e+09
1.48228,1.42903,1.06535e+09
1.50236,1.51816,1.06535e+09
2.02832,2.00495,0
1.99664,2.00114,0
1.47555,1.54913,1.06535e+09
1.44281,1.58663,1.06535e+09
2.10233,2.00351,0
1.45422,1.5724,1.06535e+09
2.02481,1.93342,0
2.01568,1.959,0
1.44802,1.51079,1.06535e+09
1.521,1.40159,1.06535e+09
2.00443,1.96241,0
1.94083,2.09582,0
2.04311,1.9678,0
1.53688,1.48108,1.06535e+09
1.4775,1.44848,1.06535e+09
1.52618,1.51343,1.06535e+09
1.98387,2.05244,0
1.45867,1.44904,1.06535e+09
1.46931,1.57649,1.06535e+09
1.90958,1.99052,0
1.5339,1.54423,1.06535e+09
2.01294,1.98342,0
2.02572,2.02434,0
2.02714,1.99156,0
2.00157,1.97189,0
1.49369,1.4814,1.06535e+09
1.47889,1.47773,1.06535e+09
1.56391,1.55542,1.06535e+09
1.50601,1.51854,1.06535e+09
1.99283,2.04811,0
1.93946,2.00628,0
1.51945,1.49097,1.06535e+09
2.02669,2.03992,0
1.46461,1.40404,1.06535e+09
1.52696,1.47479,1.06535e+09
2.00717,1.98287,0
2.00927,2.01189,0
1.48221,1.39978,1.06535e+09
1.54562,1.5071,1.06535e+09
1.46121,1.52545,1.06535e+09
1.4195,1.49507,1.06535e+09
1.45564,1.47383,1.06535e+09
1.9442,2.01822,0
1.46827,1.62446,1.06535e+09
2.04441,1.98366,0
2.02035,1.99528,0
1.46717,1.44038,1.06535e+09
1.96736,2.02959,0
1.52712,1.45532,1.06535e+09
1.47298,1.6052,1.06535e+09
1.46231,1.48176,1.06535e+09
2.01424,1.94586,0
2.02365,2.03997,0
1.50061,1.48337,1.06535e+09
1.4986,1.52311,1.06535e+09
1.98697,2.13178,0
2.01307,1.87459,0
1.95009,2.0116,0
1.90726,2.02811,0
1.52228,1.55484,1.06535e+09
1.57218,1.47369,1.06535e+09
1.98583,1.98399,0
1.48728,1.49323,1.06535e+09
1.50714,1.46433,1.06535e+09
1.58115,1.37756,1.06535e+09
1.49022,1.48218,1.06535e+09
1.52932,1.47821,1.06535e+09
1.52939,1.4927,1.06535e+09
1.57473,1.49991,1.06535e+09
2.01159,1.94851,0
1.99351,2.01577,0
1.9917,2.06125,0
1.42544,1.3978,1.06535e+09
1.4473,1.48525,1.06535e+09
1.58655,1.4468,1.06535e+09
1.99046,2.06987,0
1.98418,1.97534,0
1.88918,2.07424,0
1.47803,1.48853,1.06535e+09
2.11069,1.99704,0
1.4994,1.53785,1.06535e+09
1.99358,2.02914,0
1.56828,1.51914,1.06535e+09
1.45353,1.49008,1.06535e+09
1.47205,1.60213,1.06535e+09
1.49635,1.49973,1.06535e+09
1.54623,1.51661,1.06535e+09
1.51032,1.48119,1.06535e+09
2.04007,2.03841,0
1.97118,1.96178,0
1.43064,1.47236,1.06535e+09
1.97802,1.90358,0
1.48772,1.56015,1.06535e+09
2.01499,2.04731,0
1.98624,2.05568,0
2.02721,2.08262,0
1.48224,1.56545,1.06535e+09
1.96516,2.03721,0
1.94625,2.03655,0
1.46711,1.51825,1.06535e+09
2.02509,2.00852,0
2.03936,1.84145,0
1.92053,2.01864,0
2.08112,2.03429,0
1.51862,1.48317,1.06535e+09
2.05097,1.98977,0
1.49975,1.46983,1.06535e+09
1.56912,1.50151,1.06535e+09
2.05106,1.94843,0
1.99509,2.03783,0
1.43678,1.45813,1.06535e+09
2.01174,2.08248,0
1.98505,1.96483,0
1.51803,1.50703,1.06535e+09
1.44775,1.48234,1.06535e+09
1.93476,2.02428,0
1.99143,2.03115,0
1.57433,1.46603,1.06535e+09
2.03111,2.00961,0
1.96938,2.11053,0
1.50338,1.55223,1.06535e+09
1.98448,2.02427,0
1.99903,2.00476,0
1.49386,1.53644,1.06535e+09
1.94642,2.01123,0
1.50756,1.54133,1.06535e+09
1.99801,2.01385,0
1.49665,1.61184,1.06535e+09
1.95994,1.93586,0
1.9561,2.06803,0
1.98899,1.93619,0
1.55896,1.43836,1.06535e+09
2.01799,1.91989,0
1.47335,1.53498,1.06535e+09
2.0037,1.88266,0
1.96343,2.0444,0
1.98244,2.02334,0
1.98335,1.96389,0
2.0618,2.01999,0
2.07624,2.01803,0
1.48817,1.4899,1.06535e+09
1.94562,1.99123,0
1.56358,1.50007,1.06535e+09
1.43858,1.48965,1.06535e+09
1.47296,1.51099,1.06535e+09
1.57358,1.41955,1.06535e+09
2.0574,1.99513,0
1.49563,1.46209,1.06535e+09
1.53932,1.42103,1.06535e+09
1.50911,1.43609,1.06535e+09
1.42133,1.50853,1.06535e+09
1.48839,1.41761,1.06535e+09
1.51664,1.55891,1.06535e+09
1.41613,1.43352,1.06535e+09
1.55115,1.53596,1.06535e+09
1.94832,2.03017,0
1.49134,1.46815,1.06535e+09
1.46583,1.54721,1.06535e+09
1.56706,1.48073,1.06535e+09
2.04576,2.08988,0
1.40455,1.45981,1.06535e+09
1.94888,1.96832,0
1.4975,1.57112,1.06535e+09
2.03825,1.95991,0
1.97999,1.99047,0
1.51728,1.57719,1.06535e+09
1.48353,1.49332,1.06535e+09
1.47274,1.49251,1.06535e+09
1.90205,2.03894,0
1.99957,2.10238,0
1.96623,1.9833,0
2.04097,2.03311,0
1.94447,1.97655,0
2.02075,2.07844,0
1.96994,2.04027,0
1.55926,1.53216,1.06535e+09
1.51367,1.52068,1.06535e+09
1.46216,1.43023,1.06535e+09
1.553,1.48751,1.06535e+09
2.09077,1.96514,0
1.64523,1.54833,1.06535e+09
2.07838,2.02669,0
2.03041,2.11875,0
1.46692,1.55791,1.06535e+09
1.99752,1.97202,0
1.94965,1.9658,0
2.02965,1.95333,0
2.03678,1.96655,0
2.03974,2.04882,0
1.94963,2.07784,0
2.08161,1.98886,0
1.54437,1.5095,1.06535e+09
1.476,1.52593,1.06535e+09
1.47256,1.43054,1.06535e+09
1.49984,1.51737,1.06535e+09
1.91666,1.9709,0
1.9508,1.97293,0
1.44009,1.49785,1.06535e+09
1.98121,2.14505,0
1.42043,1.47871,1.06535e+09
1.55094,1.45725,1.06535e+09
2.0172,1.99137,0
1.39461,1.47481,1.06535e+09
1.50378,1.50531,1.06535e+09
1.97248,1.96694,0
2.06253,2.03607,0
2.04938,2.01855,0
1.62985,1.47624,1.06535e+09
2.02098,2.08821,0
1.99438,2.01352,0
1.39586,1.62066,1.06535e+09
1.45304,1.48977,1.06535e+09
1.53943,1.46691,1.06535e+09
1.4733,1.43558,1.06535e+09
2.02344,2.03298,0
2.03608,1.99107,0
1.4917,1.4887,1.06535e+09
1.42146,1.42212,1.06535e+09
1.4686,1.43878,1.06535e+09
1.44078,1.456,1.06535e+09
2.05843,2.01619,0
1.91235,2.01898,0
2.04215,1.88735,0
2.06768,2.06958,0
2.03817,2.03383,0
1.59295,1.52572,1.06535e+09
1.42288,1.45823,1.06535e+09
1.56574,1.4233,1.06535e+09
2.09156,2.06021,0
1.82203,1.93646,0
1.4788,1.50298,1.06535e+09
2.06585,1.98206,0
1.97061,2.04885,0
2.04204,2.09415,0
2.0777,2.03485,0
1.99655,2.04093,0
1.99971,2.01127,0
1.48588,1.51292,1.06535e+09
2.0299,2.01268,0
1.49164,1.55989,1.06535e+09
1.46226,1.58306,1.06535e+09
1.51917,1.48805,1.06535e+09
1.4972,1.51228,1.06535e+09
1.41594,1.44377,1.06535e+09
1.48481,1.41801,1.06535e+09
1.48015,1.53225,1.06535e+09
2.07695,2.01181,0
1.93137,1.85742,0
1.47184,1.46083,1.06535e+09
1.56587,1.47364,1.06535e+09
1.98811,2.01756,0
2.01866,1.9036,0
1.51721,1.53998,1.06535e+09
1.95669,2.03097,0
1.46143,1.52723,1.06535e+09
2.0556,2.01051,0
1.4906,1.52528,1.06535e+09
2.01297,1.95544,0
1.91878,2.01545,0
1.46055,1.53166,1.06535e+09
1.94383,1.9668,0
1.99921,2.00208,0
1.50801,1.50161,1.06535e+09
2.03709,1.92406,0
1.57914,1.52697,1.06535e+09
2.00752,2.02517,0
1.99734,2.0177,0
2.12427,2.00734,0
1.53669,1.49623,1.06535e+09
2.01559,1.96562,0
2.04298,1.98846,0
1.9043,2.025,0
2.05244,1.92666,0
2.02677,2.05831,0
1.48712,1.52695,1.06535e+09
1.57218,1.5005,1.06535e+09
1.46486,1.56721,1.06535e+09
1.99752,1.96094,0
1.46317,1.50938,1.06535e+09
1.93995,2.05377,0
1.53167,1.47968,1.06535e+09
1.46806,1.49981,1.06535e+09
1.55334,1.48362,1.06535e+09
1.57273,1.60307,1.06535e+09
1.50292,1.45108,1.06535e+09
2.09666,2.00917,0
1.99222,2.02754,0
1.98855,1.92955,0
1.50711,1.54333,1.06535e+09
1.56952,1.52955,1.06535e+09
2.10302,2.04503,0
1.52127,1.42486,1.06535e+09
1.95674,1.9007,0
1.95244,2.01651,0
1.58405,1.53757,1.06535e+09
2.05039,2.06453,0
1.9879,2.15067,0
1.62465,1.47619,1.06535e+09
1.50856,1.60384,1.06535e+09
1.46137,1.51874,1.06535e+09
2.052,1.92145,0
1.45632,1.56351,1.06535e+09
1.55584,1.5735,1.06535e+09
1.99396,1.982,0
1.95943,1.91784,0
1.51841,1.46545,1.06535e+09
1.91325,1.96367,0
1.55251,1.50006,1.06535e+09
2.00938,1.98901,0
1.46257,1.47364,1.06535e+09
1.5742,1.52033,1.06535e+09
2.10075,1.9372,0
1.64042,1.50777,1.06535e+09
1.57873,1.56199,1.06535e+09
1.58675,1.47078,1.06535e+09
1.97031,2.04753,0
1.55072,1.48706,1.06535e+09
2.03955,1.9854,0
1.93644,2.00324,0
1.51558,1.48228,1.06535e+09
2.01783,1.95239,0
1.52545,1.47727,1.06535e+09
1.89296,1.94036,0
2.02435,2.03714,0
1.92722,2.0094,0
1.48925,1.43352,1.06535e+09
1.97142,1.9305,0
1.52555,1.4635,1.06535e+09
1.97054,1.9756,0
1.99202,1.97842,0
1.56504,1.49738,1.06535e+09
1.98645,2.01938,0
2.02115,2.06668,0
1.98758,1.93717,0
2.03804,1.96963,0
1.52729,1.5347,1.06535e+09
2.06905,1.97636,0
2.02813,1.95033,0
2.00368,1.98877,0
1.4979,1.52612,1.06535e+09
2.01967,1.97128,0
1.56776,1.53404,1.06535e+09
1.55312,1.58144,1.06535e+09
1.45921,1.4941,1.06535e+09
1.99314,2.04363,0
1.56487,1.426,1.06535e+09
1.89607,1.98387,0
1.55599,1.44026,1.06535e+09
2.02702,1.96306,0
1.5326,1.4635,1.06535e+09
2.15302,1.92712,0
1.99427,1.99182,0
1.41178,1.49571,1.06535e+09
2.04135,1.91551,0
1.49592,1.55891,1.06535e+09
1.51995,1.5362,1.06535e+09
1.53209,1.44445,1.06535e+09
1.61864,1.5585,1.06535e+09
1.42814,1.49674,1.06535e+09
1.46111,1.48714,1.06535e+09
1.46084,1.44034,1.06535e+09
1.54269,1.48379,1.06535e+09
2.00514,1.97982,0
1.95804,2.01414,0
1.48816,1.47187,1.06535e+09
1.45961,1.46375,1.06535e+09
1.93999,1.99884,0
2.00659,1.91507,0
2.05482,1.8642,0
2.06098,2.06336,0
1.46994,1.42957,1.06535e+09
1.98723,1.96889,0
2.0675,1.95436,0
1.47839,1.43361,1.06535e+09
1.95937,1.93201,0
1.50282,1.52453,1.06535e+09
1.56278,1.4819,1.06535e+09
2.03405,1.99998,0
1.9253,2.07513,0
1.53094,1.53728,1.06535e+09
1.56626,1.47314,1.06535e+09
1.987,1.97353,0
1.46923,1.55336,1.06535e+09
1.53471,1.49313,1.06535e+09
1.53083,1.50836,1.06535e+09
1.91417,1.99034,0
2.00237,1.91926,0
1.94856,2.00787,0
2.04163,2.01466,0
1.42385,1.44857,1.06535e+09
2.01077,1.9824,0
1.51065,1.53098,1.06535e+09
1.48181,1.48553,1.06535e+09
1.43558,1.50262,1.06535e+09
2.01332,2.00556,0
1.93499,2.08386,0
1.56267,1.42859,1.06535e+09
1.51961,1.36813,1.06535e+09
2.00148,1.9963,0
1.47007,1.45611,1.06535e+09
1.46092,1.52131,1.06535e+09
2.06464,1.97282,0
1.91107,1.91728,0
2.04496,2.02395,0
1.49323,1.56443,1.06535e+09
1.54635,1.46266,1.06535e+09
2.01101,2.04316,0
1.96907,1.97193,0
2.12363,1.99266,0
2.10462,2.0646,0
2.06191,2.06593,0
1.53642,1.50617,1.06535e+09
1.9006,2.02149,0
2.04098,2.06733,0
2.0667,2.00716,0
1.91242,1.97185,0
2.04738,1.95274,0
2.05502,2.03307,0
1.49667,1.52673,1.06535e+09
1.36016,1.54229,1.06535e+09
2.05739,2.0533,0
1.4769,1.57507,1.06535e+09
1.4424,1.43277,1.06535e+09
2.03633,2.01525,0
1.49593,1.55715,1.06535e+09
1.99842,2.10107,0
2.02573,2.04006,0
1.57114,1.50518,1.06535e+09
1.5503,1.44133,1.06535e+09
1.46755,1.48955,1.06535e+09
1.5662,1.45438,1.06535e+09
1.97289,2.05762,0
1.98579,1.99742,0
1.46369,1.44824,1.06535e+09
2.01319,1.97467,0
1.91031,1.94976,0
1.45451,1.43267,1.06535e+09
2.06729,2.08861,0
1.96451,1.9307,0
1.93014,2.01434,0
1.54345,1.51307,1.06535e+09
1.53992,1.5106,1.06535e+09
1.45971,1.44828,1.06535e+09
1.99283,2.02273,0
1.9665,2.03852,0
2.03915,2.00479,0
1.45307,1.47049,1.06535e+09
1.47738,1.41887,1.06535e+09
1.4652,1.44959,1.06535e+09
1.50707,1.53843,1.06535e+09
1.56623,1.52442,1.06535e+09
1.92226,1.98982,0
1.54702,1.60823,1.06535e+09
1.43699,1.54002,1.06535e+09
2.06016,2.05223,0
1.96895,1.9994,0
1.49435,1.54798,1.06535e+09
1.50073,1.47306,1.06535e+09
1.9388,2.043,0
2.0045,2.01887,0
1.52553,1.53882,1.06535e+09
1.55008,1.41791,1.06535e+09
1.53441,1.50347,1.06535e+09
2.05943,2.05983,0
1.51888,1.53065,1.06535e+09
1.96699,2.04758,0
1.5467,1.45451,1.06535e+09
1.55844,1.55054,1.06535e+09
2.02423,1.94991,0
1.51487,1.45207,1.06535e+09
2.03711,2.01257,0
1.45335,1.42985,1.06535e+09
1.62197,1.45582,1.06535e+09
1.97897,2.01408,0
1.43298,1.52359,1.06535e+09
1.59813,1.4931,1.06535e+09
2.01915,1.99428,0
1.9822,2.00312,0
1.9507,1.97559,0
1.45171,1.49811,1.06535e+09
1.49659,1.53414,1.06535e+09
1.50746,1.53955,1.06535e+09
1.41258,1.56165,1.06535e+09
1.52736,1.53627,1.06535e+09
1.44953,1.50411,1.06535e+09
1.52019,1.48097,1.06535e+09
1.57159,1.43003,1.06535e+09
1.49194,1.43677,1.06535e+09
1.49783,1.46552,1.06535e+09
1.97544,1.93306,0
1.39262,1.47649,1.06535e+09
1.55878,1.56043,1.06535e+09
1.46947,1.43599,1.06535e+09
1.41821,1.54323,1.06535e+09
1.39755,1.47041,1.06535e+09
1.56091,1.49499,1.06535e+09
2.01887,2.06917,0
2.04956,2.07242,0
1.93886,1.96233,0
1.59721,1.47788,1.06535e+09
1.56285,1.4817,1.06535e+09
1.49072,1.44046,1.06535e+09
2.01854,2.03577,0
1.9702,1.94123,0
1.99702,2.00462,0
1.49248,1.53943,1.06535e+09
1.96366,1.98581,0
1.51523,1.45043,1.06535e+09
2.02967,2.04988,0
1.52419,1.53543,1.06535e+09
2.06521,2.06952,0
2.00264,2.07937,0
1.5097,1.49681,1.06535e+09
2.03569,1.93996,0
2.02267,2.03547,0
1.50438,1.44243,1.06535e+09
1.4742,1.53858,1.06535e+09
1.45101,1.51465,1.06535e+09
1.52666,1.46353,1.06535e+09
1.4092,1.4495,1.06535e+09
1.53643,1.44385,1.06535e+09
2.00548,2.01077,0
2.00578,2.06652,0
1.48478,1.4276,1.06535e+09
2.01088,1.96701,0
2.02454,2.04475,0
1.48995,1.46426,1.06535e+09
1.98454,2.03431,0
1.42315,1.46111,1.06535e+09
1.94458,1.97903,0
2.02598,2.02048,0
1.95781,2.01149,0
1.97383,1.98343,0
1.95847,2.02477,0
2.08075,1.96035,0
1.88517,2.12049,0
2.00553,1.96982,0
2.00031,2.01448,0
1.52925,1.52719,1.06535e+09
2.03716,2.02353,0
1.95595,2.03542,0
1.49912,1.50169,1.06535e+09
1.56517,1.43955,1.06535e+09
1.54146,1.421,1.06535e+09
1.54827,1.56772,1.06535e+09
2.05438,2.05713,0
2.09675,1.93625,0
1.50363,1.42812,1.06535e+09
2.0546,1.95365,0
1.44422,1.52425,1.06535e+09
1.43717,1.5861,1.06535e+09
1.99915,1.97247,0
2.04824,2.00847,0
2.02702,1.97437,0
1.51016,1.44929,1.06535e+09
2.01484,1.90903,0
1.51937,1.53928,1.06535e+09
1.54262,1.47106,1.06535e+09
1.52356,1.6664,1.06535e+09
1.96145,1.95486,0
2.05966,1.96981,0
1.96429,2.01872,0
1.47614,1.61255,1.06535e+09
1.94779,2.00436,0
2.12522,2.01427,0
1.9397,2.0835,0
1.54891,1.50396,1.06535e+09
1.97596,1.96323,0
1.93531,1.99211,0
2.00115,2.03774,0
1.99685,1.97292,0
1.44667,1.50461,1.06535e+09
2.03678,1.99721,0
1.93526,1.95922,0
1.97037,1.95673,0
1.99686,2.0084,0
2.0076,2.00003,0
2.02317,1.95624,0
1.57924,1.50839,1.06535e+09
1.99947,1.9574,0
1.91589,1.98187,0
1.96193,2.07136,0
1.54587,1.46699,1.06535e+09
2.06721,2.00689,0
1.52651,1.44887,1.06535e+09
2.01936,1.95008,0
1.53306,1.55634,1.06535e+09
1.99978,1.9892,0
1.50811,1.54433,1.06535e+09
1.93525,1.96834,0
2.08261,2.01793,0
1.48434,1.53193,1.06535e+09
1.51347,1.52101,1.06535e+09
1.588,1.48503,1.06535e+09
2.06657,1.95862,0
1.3316,1.46108,1.06535e+09
1.47942,1.44987,1.06535e+09
1.50189,1.49574,1.06535e+09
1.99093,1.91251,0
1.49694,1.47071,1.06535e+09
1.52022,1.4597,1.06535e+09
2.0805,2.07933,0
2.00452,2.0585,0
1.45449,1.50842,1.06535e+09
2.00408,2.04384,0
1.97299,2.02102,0
1.46904,1.42633,1.06535e+09
2.13265,1.96194,0
1.93345,1.94999,0
1.31256,1.49596,1.06535e+09
1.94752,2.10403,0
1.50951,1.59333,1.06535e+09
1.48408,1.45031,1.06535e+09
1.49629,1.50861,1.06535e+09
2.01572,2.00912,0
1.523,1.47668,1.06535e+09
1.60804,1.50106,1.06535e+09
2.00127,2.04677,0
1.48325,1.46104,1.06535e+09
1.41445,1.40204,1.06535e+09
1.96732,1.97187,0
1.49499,1.47342,1.06535e+09
1.9283,1.96077,0
2.04337,1.94268,0
2.01952,2.0576,0
1.56677,1.49738,1.06535e+09
1.44887,1.4083,1.06535e+09
1.93891,1.95548,0
2.05397,1.99928,0
1.9783,2.01043,0
1.54225,1.4406,1.06535e+09
1.51158,1.47818,1.06535e+09
1.45578,1.43792,1.06535e+09
1.5681,1.56932,1.06535e+09
1.4518,1.49193,1.06535e+09
1.58215,1.49274,1.06535e+09
1.50711,1.49919,1.06535e+09
1.54409,1.49722,1.06535e+09
1.63467,1.53973,1.06535e+09
2.01429,1.98139,0
2.05011,2.07398,0
1.55401,1.46983,1.06535e+09
1.49113,1.52919,1.06535e+09
1.51805,1.54464,1.06535e+09
1.91288,2.0376,0
1.37954,1.473,1.06535e+09
1.43643,1.44743,1.06535e+09
1.51935,1.50961,1.06535e+09
1.42463,1.41243,1.06535e+09
1.99558,1.958,0
1.47065,1.43956,1.06535e+09
2.06044,1.95463,0
1.54806,1.54399,1.06535e+09
1.9022,1.97937,0
2.06965,2.02589,0
2.04938,2.0422,0
1.95328,2.00423,0
1.98248,1.91321,0
1.48896,1.51803,1.06535e+09
1.46959,1.50091,1.06535e+09
1.97959,1.9876,0
2.02924,2.07416,0
1.52347,1.55158,1.06535e+09
1.42758,1.5016,1.06535e+09
2.03899,1.94561,0
1.45536,1.50883,1.06535e+09
2.05801,2.09464,0
1.47095,1.54484,1.06535e+09
1.48291,1.44393,1.06535e+09
1.49126,1.4321,1.06535e+09
1.9847,2.0189,0
1.95448,1.97386,0
1.95049,2.02314,0
1.95463,2.01427,0
2.0254,2.04101,0
1.51395,1.46898,1.06535e+09
1.58486,1.40802,1.06535e+09
2.0456,2.03134,0
1.44369,1.51918,1.06535e+09
1.90874,1.95498,0
1.47877,1.49522,1.06535e+09
1.93452,1.96656,0
1.49806,1.47655,1.06535e+09
2.00422,1.95062,0
1.99988,2.06341,0
1.99639,1.91671,0
1.92675,1.98026,0
2.01322,2.00972,0
1.5111,1.5199,1.06535e+09
1.99332,2.01343,0
2.0713,2.04636,0
1.9912,2.02535,0
1.42388,1.5552,1.06535e+09
1.98806,2.01488,0
1.527,1.48665,1.06535e+09
1.58266,1.51563,1.06535e+09
1.99343,2.03433,0
1.99456,1.95649,0
1.99267,2.012,0
2.08951,1.91638,0
2.02077,1.9815,0
1.45588,1.50792,1.06535e+09
2.04247,1.93795,0
1.93083,1.96469,0
1.45962,1.48264,1.06535e+09
1.52442,1.47993,1.06535e+09
1.50089,1.52163,1.06535e+09
1.52107,1.48078,1.06535e+09
1.50248,1.53533,1.06535e+09
1.55893,1.5675,1.06535e+09
1.51287,1.54883,1.06535e+09
1.95577,1.98162,0
2.10048,1.97787,0
1.5066,1.48826,1.06535e+09
2.00814,1.91392,0
1.49449,1.4984,1.06535e+09
1.47757,1.53924,1.06535e+09
2.0167,1.97445,0
1.92391,2.04941,0
1.56672,1.51638,1.06535e+09
1.46608,1.44584,1.06535e+09
1.90155,1.98365,0
2.03602,2.06097,0
1.42817,1.56379,1.06535e+09
2.0547,1.93755,0
2.07159,2.02509,0
1.9326,2.01349,0
1.92798,1.99961,0
1.46814,1.52879,1.06535e+09
2.03797,2.02213,0
2.127,2.06933,0
1.98136,1.96531,0
1.57485,1.45988,1.06535e+09
2.00454,1.92392,0
