0.285591 -0.992374 0.000000
0.357026 0.574750 1.000000
-0.409058 0.500199 1.000000
-0.109920 0.677594 1.000000
0.031397 0.637088 1.000000
0.586466 -0.372105 1.000000
-0.682486 0.172730 1.000000
0.230301 0.984845 0.000000
0.483388 -0.531143 1.000000
-0.966896 -0.192986 0.000000
-0.575261 0.334113 1.000000
0.301194 -0.617801 1.000000
0.083420 0.744510 1.000000
-0.123265 -0.655911 1.000000
-0.305612 -0.535130 1.000000
0.658256 -0.111740 1.000000
0.304640 0.668192 1.000000
-0.954097 -0.436324 0.000000
-0.262503 0.474500 1.000000
-0.137657 0.914518 0.000000
0.663669 0.003358 1.000000
0.651919 0.835592 0.000000
-0.720898 0.066993 1.000000
0.614753 -0.637886 0.000000
-0.612685 0.265052 1.000000
-0.507240 0.524767 1.000000
0.477365 0.502001 1.000000
-0.166835 -0.719305 1.000000
-0.078835 0.988870 0.000000
-0.080395 -0.981690 0.000000
0.223446 -0.705937 1.000000
-0.714467 -0.348194 1.000000
-0.657435 -0.823889 0.000000
-0.292238 0.625803 1.000000
0.723400 -0.104633 1.000000
-0.677245 -0.061432 1.000000
0.734304 -0.038237 1.000000
-0.602307 0.843311 0.000000
-0.408313 -0.920070 0.000000
0.415109 0.505214 1.000000
0.712922 0.081262 1.000000
0.234816 -0.675218 1.000000
0.342503 0.557865 1.000000
0.718728 -0.012972 1.000000
0.787790 0.679593 0.000000
0.310449 -0.653476 1.000000
1.008430 -0.215123 0.000000
-0.344962 -0.634705 1.000000
-0.188051 0.987793 0.000000
-0.874757 -0.608871 0.000000
0.862256 0.567032 0.000000
-0.519734 -0.894690 0.000000
-0.690390 0.099029 1.000000
0.763503 0.373123 0.000000
0.560921 0.803827 0.000000
-0.317169 0.603957 1.000000
-0.552812 0.292516 1.000000
0.544034 -0.822362 0.000000
-0.175228 0.664248 1.000000
0.031969 -0.733387 1.000000
0.565503 -0.383106 1.000000
-0.683553 -0.830610 0.000000
0.790385 0.636368 0.000000
0.814271 -0.385162 0.000000
-1.030042 0.251681 0.000000
0.101041 -1.019317 0.000000
0.139112 -0.663785 1.000000
0.927363 -0.304789 0.000000
-0.077767 -1.017609 0.000000
0.391510 -0.941688 0.000000
-0.029621 0.637323 1.000000
-0.540758 -0.460304 1.000000
0.352045 0.899558 0.000000
-0.092741 0.652648 1.000000
0.234580 -0.629717 1.000000
0.247747 0.654574 1.000000
0.286980 -1.015890 0.000000
0.653065 -0.759927 0.000000
0.653246 -0.744945 0.000000
-0.352243 1.003807 0.000000
-0.632172 0.749693 0.000000
-0.535422 -0.360082 1.000000
0.563032 0.369822 1.000000
-0.551943 -0.813679 0.000000
-0.281287 -0.640891 1.000000
-1.005786 -0.061155 0.000000
0.777005 0.763828 0.000000
0.659469 0.169916 1.000000
0.827211 0.603992 0.000000
0.541276 0.326122 1.000000
0.989065 0.036347 0.000000
0.479140 0.328439 1.000000
-0.502901 0.869527 0.000000
-0.855947 0.568616 0.000000
-0.660760 -0.280783 1.000000
-0.232176 -1.057774 0.000000
0.455539 0.798428 0.000000
0.311276 0.701068 1.000000
-0.960412 -0.361027 0.000000
0.585096 0.444478 1.000000
-0.393164 0.892837 0.000000
-0.989770 0.318105 0.000000
-0.190883 -0.652989 1.000000
0.506127 -0.488757 1.000000
-1.052670 0.053233 0.000000
-0.707460 0.620930 0.000000
0.957681 -0.074083 0.000000
-0.641417 0.230583 1.000000
0.020599 -0.635419 1.000000
0.914591 0.297741 0.000000
0.158961 0.961428 0.000000
0.905924 -0.396139 0.000000
-0.052298 -0.719587 1.000000
-0.355361 -0.941273 0.000000
0.712214 -0.264410 1.000000
-0.213986 -0.917331 0.000000
-0.029865 1.008785 0.000000
0.951949 0.354395 0.000000
0.229477 -1.007849 0.000000
-0.208046 0.694306 1.000000
1.004067 0.236541 0.000000
0.157628 0.743899 1.000000
0.153566 0.747640 1.000000
-0.935931 0.186079 0.000000
-0.049432 -1.122534 0.000000
-0.676824 -0.035892 1.000000
-0.906273 0.140032 0.000000
0.979591 -0.013627 0.000000
0.720025 -0.153343 1.000000
0.618978 0.832270 0.000000
0.763348 -0.627884 0.000000
0.454826 -0.897357 0.000000
-0.744796 0.544159 0.000000
-0.476927 0.502493 1.000000
0.275225 0.971805 0.000000
-0.468582 0.568546 1.000000
0.981560 0.184420 0.000000
0.328491 1.037386 0.000000
0.603036 -0.111123 1.000000
1.004497 -0.137283 0.000000
0.622098 0.344800 1.000000
-0.449229 -0.530185 1.000000
-0.740316 -0.015981 1.000000
0.883073 0.088626 0.000000
0.715835 -0.639558 0.000000
0.366139 -0.616051 1.000000
0.543137 0.425917 1.000000
-0.472128 -0.825251 0.000000
-0.596710 -0.332617 1.000000
0.897211 0.390582 0.000000
-0.569923 -0.491915 1.000000
-0.123268 -0.688770 1.000000
0.367342 0.687369 1.000000
-0.818794 0.360981 0.000000
-0.628363 -0.244652 1.000000
0.472081 0.807947 0.000000
-0.391682 -0.656150 1.000000
-0.655830 -0.274779 1.000000
0.588300 -0.280626 1.000000
-0.712441 0.109457 1.000000
0.023486 1.057726 0.000000
0.523466 -0.418719 1.000000
0.432228 -0.629838 1.000000
-0.849802 -0.482664 0.000000
-0.043422 -0.649082 1.000000
0.162273 -1.025247 0.000000
-0.640250 0.013085 1.000000
-0.967189 -0.121762 0.000000
-0.872411 0.268714 0.000000
0.594551 0.189457 1.000000
-0.857828 -0.600341 0.000000
-0.531104 0.492508 1.000000
0.719672 -0.732230 0.000000
-1.008727 0.031897 0.000000
0.452456 -0.899143 0.000000
-0.950276 0.465563 0.000000
-0.777317 -0.738576 0.000000
-0.169628 0.701462 1.000000
0.795657 0.181616 1.000000
-0.089060 -1.077130 0.000000
1.020434 -0.208688 0.000000
-0.334101 0.856976 0.000000
-0.685734 -0.000195 1.000000
-0.505261 0.429660 1.000000
0.425952 -0.434056 1.000000
-0.787354 -0.588298 0.000000
0.928678 -0.390516 0.000000
-0.084617 -0.708851 1.000000
-0.548246 0.917238 0.000000
0.521804 0.568815 1.000000
-1.001196 -0.234073 0.000000
-0.478210 -0.464899 1.000000
0.859288 -0.526057 0.000000
-0.660697 0.808436 0.000000
-0.921946 -0.294127 0.000000
0.549408 -0.476747 1.000000
-0.236871 1.035140 0.000000
-0.030551 0.708486 1.000000
-0.746153 0.593960 0.000000
-0.647781 -0.163880 1.000000
