0.470095 -1.111329 0.000000
0.266760 0.493351 1.000000
-0.223363 0.304399 1.000000
0.210897 0.675526 1.000000
-0.031383 0.329436 1.000000
0.687234 -0.175383 1.000000
-0.766216 -0.045179 1.000000
0.444900 0.997633 0.000000
0.348937 -0.790946 1.000000
-0.889938 -0.221012 0.000000
-0.496419 0.129283 1.000000
0.518730 -0.452585 1.000000
0.061854 0.994661 1.000000
0.341968 -0.606768 1.000000
0.041721 -0.255632 1.000000
0.456441 -0.450676 1.000000
0.539401 0.754933 1.000000
-1.200449 -0.489045 0.000000
0.111118 -0.220073 1.000000
-0.511989 0.496976 0.000000
0.488919 -0.199618 1.000000
0.972585 0.968464 0.000000
-0.852984 -0.036707 1.000000
0.749593 0.217768 0.000000
-0.509217 0.100087 1.000000
-0.647524 0.597213 1.000000
0.633209 0.315213 1.000000
-0.130594 -0.925789 1.000000
0.153656 0.972648 0.000000
-0.482371 -0.890138 0.000000
0.470264 -0.845582 1.000000
-1.219726 -0.403025 1.000000
-0.757488 -1.090765 0.000000
-0.263198 0.587921 1.000000
0.902394 0.028036 1.000000
-0.563468 -0.368591 1.000000
0.933423 0.209245 1.000000
-0.934710 0.838225 0.000000
-0.320984 -0.996285 0.000000
0.094736 0.479896 1.000000
0.805130 0.048905 1.000000
0.327336 -0.722613 1.000000
-0.002231 0.515633 1.000000
0.812368 -0.077830 1.000000
0.874173 0.890440 0.000000
0.176557 -0.853780 1.000000
1.207666 -0.047286 0.000000
-0.579542 -0.641333 1.000000
-0.191402 1.015321 0.000000
-1.026903 -0.974091 0.000000
0.951897 0.723055 0.000000
-0.709638 -0.986609 0.000000
-0.704332 -0.061663 1.000000
0.199482 -0.170029 0.000000
0.686393 0.601320 0.000000
-0.027623 0.668594 1.000000
-0.249797 0.068956 1.000000
0.585069 -0.712531 0.000000
0.237071 0.731271 1.000000
-0.246854 -0.927922 1.000000
0.325947 -0.612499 1.000000
-0.678581 -1.338816 0.000000
1.097468 0.395470 0.000000
0.504094 0.097797 0.000000
-1.337339 0.266639 0.000000
0.292290 -1.125769 0.000000
0.178836 -0.544704 1.000000
0.808898 -0.283650 0.000000
0.160066 -1.145082 0.000000
0.508434 -1.001248 0.000000
0.260942 0.351536 1.000000
-0.693157 -0.365906 1.000000
0.271645 0.748468 0.000000
-0.336680 0.422795 1.000000
-0.082750 -0.611406 1.000000
0.404921 0.598745 1.000000
0.176798 -1.340057 0.000000
0.731269 -0.706999 0.000000
0.496742 -0.824830 0.000000
-0.568371 1.267559 0.000000
-0.605912 0.645594 0.000000
-0.380970 -0.103243 1.000000
0.546633 0.161683 1.000000
-0.632522 -0.660432 0.000000
-0.001586 -0.778271 1.000000
-1.044580 -0.052975 0.000000
1.239293 0.938122 0.000000
0.566772 0.149082 1.000000
0.918181 0.685023 0.000000
0.180584 0.270596 1.000000
0.944256 -0.095870 0.000000
-0.292054 0.480405 1.000000
-0.608635 0.835631 0.000000
-0.914044 0.732562 0.000000
-0.797663 -0.194469 1.000000
-0.149609 -1.503728 0.000000
0.324466 0.409036 0.000000
0.377431 1.039513 1.000000
-1.113591 -0.325537 0.000000
0.813781 0.435882 1.000000
-0.230085 0.832885 0.000000
-1.183337 0.363546 0.000000
0.143140 -0.663717 1.000000
0.640846 -0.381151 1.000000
-1.316017 0.319398 0.000000
-0.599918 0.302845 0.000000
0.755951 -0.130545 0.000000
-0.594282 0.095063 1.000000
0.123592 -0.312514 1.000000
0.732264 0.241363 0.000000
0.327097 0.807997 0.000000
0.911410 -0.247938 0.000000
0.124877 -0.845121 1.000000
-0.291540 -0.998753 0.000000
1.106390 -0.096231 1.000000
0.261168 -0.748701 0.000000
-0.179190 1.052709 0.000000
1.062809 0.285746 0.000000
0.439953 -1.135660 0.000000
-0.166717 0.837136 1.000000
1.181488 0.175796 0.000000
0.075352 1.073353 1.000000
0.265562 1.047832 1.000000
-0.704149 0.179567 0.000000
0.017362 -1.745070 0.000000
-0.622941 0.440480 1.000000
-0.477064 0.213528 0.000000
0.877545 -0.081761 0.000000
0.930108 -0.049643 1.000000
0.526745 1.141051 0.000000
0.535006 -0.828375 0.000000
0.320189 -1.002608 0.000000
-0.423690 0.326026 0.000000
-0.164765 0.783975 1.000000
0.106266 1.075545 0.000000
-0.754241 0.579717 1.000000
0.977926 0.169612 0.000000
0.727496 1.381401 0.000000
0.289517 0.414820 1.000000
1.066406 -0.197035 0.000000
0.478371 0.780362 1.000000
-0.638124 -0.349551 1.000000
-0.948801 0.123878 1.000000
0.337865 -0.094912 0.000000
0.442444 -0.650229 0.000000
0.321441 -0.741157 1.000000
0.303677 0.680111 1.000000
0.106155 -0.906423 0.000000
-0.625112 -0.120307 1.000000
0.859132 0.214597 0.000000
-1.023623 -0.400100 1.000000
-0.083772 -0.694612 1.000000
0.517916 1.057140 1.000000
-0.531232 -0.242883 0.000000
-0.515960 -0.179474 1.000000
0.703591 0.323548 0.000000
-0.119108 -1.240101 1.000000
-0.606279 -0.567112 1.000000
0.275585 -0.395323 1.000000
-0.884604 -0.213670 1.000000
-0.173038 1.356221 0.000000
0.185646 -0.636922 1.000000
0.536120 -0.947468 1.000000
-0.717278 -0.487215 0.000000
-0.480300 -0.401397 1.000000
0.346970 -1.190909 0.000000
-0.348404 -0.141255 1.000000
-0.842559 -0.103904 0.000000
-0.585585 -0.228340 0.000000
0.238608 0.055185 1.000000
-1.101884 -0.663119 0.000000
-0.635231 0.559134 1.000000
0.673186 -0.970645 0.000000
-1.062231 -0.122573 0.000000
0.585840 -0.870723 0.000000
-1.177522 0.664480 0.000000
-1.019058 -1.008721 0.000000
-0.361933 0.770765 1.000000
1.335935 0.433861 1.000000
0.402549 -1.551345 0.000000
1.211165 -0.315223 0.000000
-0.163982 0.492976 0.000000
-0.642004 0.437497 1.000000
-0.200005 0.520714 1.000000
0.324728 0.092460 1.000000
-0.871555 -0.342667 0.000000
0.923183 -0.502472 0.000000
-0.287933 -0.760012 1.000000
-0.350548 1.458345 0.000000
0.579436 1.016978 1.000000
-1.164258 -0.160987 0.000000
-0.172465 -0.558413 1.000000
0.934091 -0.477209 0.000000
-0.541447 1.205774 0.000000
-0.776396 -0.219680 0.000000
0.599651 -0.629499 1.000000
-0.177779 1.367922 0.000000
-0.183307 0.750918 1.000000
-0.624349 0.376638 0.000000
-0.496647 -0.112868 1.000000
