-0.821745 0.595576 0.000000
0.883067 0.464999 0.000000
0.086290 0.944970 0.000000
-0.593480 0.105525 1.000000
0.626364 0.331679 1.000000
0.066750 0.751154 1.000000
0.952205 0.186881 0.000000
0.613102 0.097580 1.000000
-0.595879 -0.880864 0.000000
-0.980574 -0.178032 0.000000
0.651297 -0.601125 0.000000
0.366365 -0.936182 0.000000
-0.651602 -0.289211 1.000000
0.821267 -0.469163 0.000000
-0.219818 -0.665154 1.000000
1.041272 -0.173499 0.000000
0.460945 -0.917436 0.000000
-0.095110 0.693601 1.000000
-1.065075 -0.233775 0.000000
-0.675915 0.750065 0.000000
-0.650785 -0.087814 1.000000
-0.497369 0.892241 0.000000
-0.299244 -0.766157 1.000000
0.053013 -0.726384 1.000000
0.722120 0.045809 1.000000
0.318313 0.559670 1.000000
-0.413378 -0.933229 0.000000
0.665249 -0.748229 0.000000
-0.117594 -0.710500 1.000000
-0.930226 -0.426586 0.000000
-0.233363 -0.994952 0.000000
0.720330 0.788580 0.000000
-0.736052 -0.572052 0.000000
-0.193913 0.705706 1.000000
0.625907 0.156000 1.000000
-0.369890 0.921975 0.000000
1.060816 -0.054569 0.000000
0.368009 0.530058 1.000000
0.154061 -0.724978 1.000000
-0.667429 0.809620 0.000000
-0.552913 0.377077 1.000000
0.675915 -0.116466 1.000000
-0.760370 -0.156777 1.000000
0.940215 0.245336 0.000000
0.296924 0.557798 1.000000
0.066884 -0.697091 1.000000
0.323000 -0.834241 0.000000
0.630142 0.746476 0.000000
-0.883138 -0.484767 0.000000
-0.743618 0.039394 1.000000
-0.288346 0.565690 1.000000
-0.918250 -0.232017 0.000000
0.425476 -0.463250 1.000000
-0.002120 1.095949 0.000000
0.283816 0.549147 1.000000
0.694370 -0.742755 0.000000
-0.065424 -0.697385 1.000000
-0.621742 0.842321 0.000000
0.840163 0.520724 0.000000
0.253062 1.032883 0.000000
-0.572454 -0.404251 1.000000
-0.922823 0.234263 0.000000
-0.849830 -0.448744 0.000000
0.668803 -0.782927 0.000000
-0.611310 0.433296 1.000000
0.951553 0.051254 0.000000
-0.713987 0.773362 0.000000
-0.891436 -0.325387 0.000000
0.720792 0.215897 1.000000
-0.996338 0.163552 0.000000
-0.910611 0.463646 0.000000
0.291407 -0.744644 1.000000
0.714069 0.034281 1.000000
-0.923109 -0.287402 0.000000
-0.831020 0.572079 0.000000
-0.374677 -1.039299 0.000000
0.610464 -0.482197 1.000000
1.019945 0.017706 0.000000
-0.733942 -0.111775 1.000000
0.438882 -0.860516 0.000000
-0.583556 0.422875 1.000000
0.543879 0.361783 1.000000
0.014689 1.075278 0.000000
0.415896 0.929815 0.000000
0.611354 -0.331566 1.000000
-0.101238 -0.989982 0.000000
0.969375 -0.007902 0.000000
-1.024798 -0.040479 0.000000
-0.194725 -0.712230 1.000000
-0.615922 0.391453 1.000000
0.773047 -0.111337 1.000000
0.193458 -1.134064 0.000000
0.564600 0.383981 1.000000
-0.193397 -0.639412 1.000000
0.712332 -0.302610 1.000000
-0.507498 -0.916084 0.000000
-0.674617 0.039737 1.000000
-1.049713 -0.018004 0.000000
0.643776 -0.036242 1.000000
0.987154 0.141559 0.000000
0.680829 0.152910 1.000000
0.074520 1.098042 0.000000
-0.988505 -0.284350 0.000000
-0.336287 -0.959383 0.000000
-0.685069 -0.292097 1.000000
-0.964574 0.193990 0.000000
-0.657403 -0.063628 1.000000
-1.038409 -0.030458 0.000000
-0.581228 0.349988 1.000000
1.038296 -0.340944 0.000000
-0.248998 0.630834 1.000000
-0.635395 -0.783955 0.000000
0.831176 0.466937 0.000000
-0.968108 0.355154 0.000000
-0.184166 -0.621645 1.000000
-0.207053 0.692090 1.000000
0.636236 0.288356 1.000000
0.147206 -0.999230 0.000000
0.297724 0.667765 1.000000
0.588028 0.345473 1.000000
-0.584343 -0.834711 0.000000
0.826041 -0.561387 0.000000
0.683897 0.154896 1.000000
-0.953819 -0.453605 0.000000
-0.946374 0.205843 0.000000
-0.282960 0.584862 1.000000
0.652709 0.241297 1.000000
0.557543 -0.293168 1.000000
-0.746917 -0.221715 1.000000
0.874317 -0.403081 0.000000
-0.246609 0.932981 0.000000
0.276488 -0.593114 1.000000
-0.097037 0.710432 1.000000
0.469289 0.524927 1.000000
0.544235 0.381610 1.000000
0.016543 0.706711 1.000000
-0.606107 0.192060 1.000000
-0.762542 0.724281 0.000000
0.457670 -0.686804 1.000000
-0.651367 -0.696018 0.000000
0.690589 -0.025561 1.000000
0.001312 0.679618 1.000000
0.389692 -0.492887 1.000000
0.006630 1.026374 0.000000
0.621045 0.148966 1.000000
-0.766472 -0.634376 0.000000
-0.767314 -0.003735 1.000000
0.283534 0.630714 1.000000
0.519712 -0.934725 0.000000
0.451768 -0.538864 1.000000
-0.925570 -0.541723 0.000000
0.494875 -0.420062 1.000000
0.094220 -0.904382 0.000000
-1.009267 -0.459569 0.000000
-0.585400 0.390680 1.000000
-0.566375 -0.401727 1.000000
-0.611281 -0.761790 0.000000
0.148288 0.665801 1.000000
0.883555 0.467440 0.000000
0.348760 -0.506888 1.000000
0.525838 0.424353 1.000000
0.490769 0.637473 1.000000
0.333220 -0.997293 0.000000
-0.732591 -0.149869 1.000000
0.594873 -0.819755 0.000000
-0.519360 -0.519507 1.000000
-0.643807 -0.148873 1.000000
-0.722719 0.059496 1.000000
-1.086216 0.126605 0.000000
-0.197390 0.639773 1.000000
-0.963034 0.328675 0.000000
-0.701600 -0.121827 1.000000
0.143400 -1.020355 0.000000
0.188993 0.653014 1.000000
-0.551327 -0.524593 1.000000
0.063303 -0.953722 0.000000
-0.328777 -0.733936 1.000000
-0.232041 -0.992900 0.000000
0.681578 -0.181848 1.000000
0.127760 0.759771 1.000000
-0.745187 0.284556 1.000000
-0.723253 0.366562 1.000000
0.652776 -0.734240 0.000000
-0.893039 -0.344610 0.000000
-0.601634 -0.488957 1.000000
0.727503 -0.818081 0.000000
-0.907930 0.424266 0.000000
0.622862 -0.587847 0.000000
-0.754481 -0.111725 1.000000
-0.693200 0.047416 1.000000
-0.244914 -0.763143 1.000000
-0.683072 0.188630 1.000000
-0.609678 -0.795397 0.000000
-0.461438 0.639415 1.000000
0.092971 -0.644561 1.000000
0.305007 0.935997 0.000000
-0.189853 0.619518 1.000000
0.478144 0.604363 1.000000
0.751497 0.034779 1.000000
0.237491 -0.636347 1.000000
0.366080 0.550855 1.000000
-0.902605 -0.445634 0.000000
-0.730917 0.071243 1.000000
0.194838 1.075283 0.000000
0.055597 1.091761 0.000000
-0.839318 0.392735 0.000000
-0.700219 0.121503 1.000000
-0.497827 0.832994 0.000000
0.611321 0.465651 1.000000
0.277766 0.540905 1.000000
0.351426 -0.518432 1.000000
-0.181586 0.676521 1.000000
0.156675 -0.943325 0.000000
-0.118356 -0.676601 1.000000
0.205784 0.726489 1.000000
-0.720406 0.019927 1.000000
0.683777 -0.614580 0.000000
0.104606 1.008448 0.000000
1.095979 0.229420 0.000000
-0.656361 0.843210 0.000000
-0.325825 -0.620549 1.000000
0.632566 -0.047585 1.000000
-0.717501 0.043880 1.000000
-0.060892 -0.997249 0.000000
0.791476 -0.583510 0.000000
1.047439 -0.004195 0.000000
-0.789314 0.704384 0.000000
-0.895841 0.382659 0.000000
-0.585281 -0.416286 1.000000
0.894832 -0.310370 0.000000
0.909179 -0.134894 0.000000
-0.023216 0.732795 1.000000
0.048512 -0.610261 1.000000
-0.152002 0.983807 0.000000
-0.937008 0.211204 0.000000
0.374261 -0.639460 1.000000
0.001066 -0.966801 0.000000
0.238998 -1.036461 0.000000
0.704971 -0.028096 1.000000
-0.651607 -0.075586 1.000000
0.654401 0.708154 0.000000
0.243706 -1.040790 0.000000
-0.755477 0.310019 1.000000
0.449735 -0.594492 1.000000
0.440197 0.612653 1.000000
0.538837 0.440568 1.000000
0.614840 -0.378022 1.000000
-0.792985 -0.086459 1.000000
-0.356697 -0.985506 0.000000
-0.125161 1.045159 0.000000
0.992165 -0.316039 0.000000
0.640388 0.250029 1.000000
0.588201 -0.953683 0.000000
-0.710263 0.112258 1.000000
0.886200 0.182846 0.000000
-1.000185 0.009921 0.000000
-0.714930 0.701217 0.000000
0.239863 0.730758 1.000000
-0.955112 0.078163 0.000000
0.646879 -0.149546 1.000000
-0.455897 -0.470987 1.000000
-0.550496 -0.927913 0.000000
-0.683178 -0.130458 1.000000
-0.632076 -0.385156 1.000000
-0.667514 -0.294651 1.000000
-0.926145 0.022822 0.000000
0.447809 0.580240 1.000000
-0.920827 -0.093848 0.000000
-0.059396 0.706922 1.000000
0.657096 0.605834 0.000000
-0.638473 -0.295721 1.000000
-0.113128 0.968297 0.000000
0.622759 -0.833251 0.000000
0.609196 -0.068711 1.000000
0.271505 0.595153 1.000000
0.847541 0.439213 0.000000
0.959341 0.197685 0.000000
0.615289 -0.404103 1.000000
0.027731 1.028260 0.000000
0.012198 -0.663070 1.000000
-0.655898 0.613011 0.000000
0.673609 0.106207 1.000000
0.592929 0.920470 0.000000
0.186343 -0.755234 1.000000
0.560367 -0.804680 0.000000
0.005927 -1.024314 0.000000
-0.041161 0.643303 1.000000
0.192839 -0.718121 1.000000
-0.525462 -0.388435 1.000000
-0.389669 -0.551156 1.000000
0.400733 0.897290 0.000000
-0.349929 -0.584092 1.000000
-0.054906 -0.916143 0.000000
0.574893 0.946709 0.000000
-0.435082 0.624395 1.000000
-0.383866 0.546196 1.000000
0.192573 0.593271 1.000000
0.177410 0.682651 1.000000
0.724924 -0.702463 0.000000
0.668359 -0.542466 0.000000
0.571721 0.488141 1.000000
0.755220 0.510568 0.000000
0.036918 0.746562 1.000000
0.144973 -0.572847 1.000000
-1.007060 0.384145 0.000000
1.039714 -0.158342 0.000000
0.986683 0.191948 0.000000
-0.372741 0.510198 1.000000
0.597215 -0.441602 1.000000
-0.058572 0.597578 1.000000
-0.308711 0.653188 1.000000
0.515156 -0.518399 1.000000
0.639992 -0.373815 1.000000
0.256688 -0.970556 0.000000
0.173454 -1.011717 0.000000
-0.732079 0.630125 0.000000
-0.656543 0.736076 0.000000
-0.467033 0.956912 0.000000
-1.054663 0.025571 0.000000
0.100489 0.694238 1.000000
-0.698901 -0.120614 1.000000
-0.584477 -0.771263 0.000000
-0.547971 0.537665 1.000000
-0.276391 0.549212 1.000000
-0.310942 0.685692 1.000000
-1.046174 0.300925 0.000000
-0.634521 0.827679 0.000000
-0.688729 0.198317 1.000000
0.247355 0.912411 0.000000
-0.522629 0.895962 0.000000
-0.031591 -0.755632 1.000000
-0.463406 0.535224 1.000000
0.089867 1.008031 0.000000
-0.028430 0.950821 0.000000
0.577740 0.418142 1.000000
0.548034 0.496866 1.000000
-0.979302 0.313451 0.000000
0.120480 0.998073 0.000000
0.897327 -0.568363 0.000000
0.534709 -0.384610 1.000000
0.251420 0.905946 0.000000
0.640105 0.318721 1.000000
-0.757166 -0.622357 0.000000
0.663870 0.754620 0.000000
-0.348398 -0.717003 1.000000
0.516174 -0.406158 1.000000
-0.680536 0.062581 1.000000
0.512084 0.943835 0.000000
-0.647083 0.054557 1.000000
0.441590 0.471813 1.000000
-0.317670 0.829740 0.000000
-0.190942 0.644224 1.000000
-0.019566 -0.694234 1.000000
0.512056 0.332370 1.000000
0.892904 0.578879 0.000000
0.929142 0.006760 0.000000
-0.362938 -0.544418 1.000000
0.644718 0.557984 0.000000
-0.128344 -0.657411 1.000000
-0.520666 0.422094 1.000000
-0.109028 0.956064 0.000000
-0.383628 -0.838490 0.000000
-0.368665 0.526851 1.000000
0.367016 -0.576892 1.000000
-0.441162 0.474543 1.000000
0.802051 -0.073828 1.000000
-0.413077 -0.414530 1.000000
0.722697 0.222472 1.000000
0.608228 -0.738285 0.000000
-0.764602 0.746211 0.000000
-0.296467 0.876048 0.000000
0.092480 -0.785653 1.000000
-0.501110 0.440214 1.000000
-0.674057 0.124350 1.000000
-0.933834 -0.429967 0.000000
0.566165 -0.216432 1.000000
-0.441058 0.539200 1.000000
-0.441168 0.935066 0.000000
-0.959974 0.317893 0.000000
-0.751874 -0.548738 0.000000
0.627218 -0.349535 1.000000
-0.671940 0.785171 0.000000
0.301853 -0.828139 0.000000
0.458424 0.533965 1.000000
-0.999169 0.002798 0.000000
0.571594 -0.315982 1.000000
-0.288056 0.644759 1.000000
-0.743665 0.688314 0.000000
-0.910006 -0.369533 0.000000
0.881555 0.417689 0.000000
0.194275 0.636684 1.000000
-0.215454 -0.698673 1.000000
-0.540267 0.474488 1.000000
-0.759482 0.694058 0.000000
-0.712011 0.207167 1.000000
0.542324 -0.528134 1.000000
-0.637834 -0.174456 1.000000
0.397615 -0.918696 0.000000
-0.356720 -0.902401 0.000000
-0.703366 -0.176830 1.000000
-0.195278 -1.009781 0.000000
0.457760 -0.981378 0.000000
0.128518 -0.974468 0.000000
0.163999 -0.589102 1.000000
0.627772 -0.045723 1.000000
0.350457 -0.604122 1.000000
0.581079 0.525258 1.000000
-0.912040 0.453320 0.000000
-0.650490 0.365550 1.000000
0.126140 -0.677834 1.000000
0.293762 -1.020667 0.000000
-0.272481 0.934699 0.000000
0.384598 0.897436 0.000000
0.315511 0.702791 1.000000
-0.192339 -1.036361 0.000000
-0.234095 0.630369 1.000000
-0.601724 0.385930 1.000000
0.159727 -0.574428 1.000000
1.010617 0.126945 0.000000
0.726977 0.209919 1.000000
-0.038426 0.655227 1.000000
0.449831 -0.836406 0.000000
0.341982 -0.892146 0.000000
0.852926 -0.364279 0.000000
-1.033535 0.148198 0.000000
-0.732670 -0.128687 1.000000
-0.406236 0.596496 1.000000
0.349528 -0.977350 0.000000
0.560699 0.781916 0.000000
-0.569041 -0.692379 0.000000
-0.686723 0.235535 1.000000
-0.588444 -0.274279 1.000000
1.025354 -0.349615 0.000000
0.250840 -0.672018 1.000000
0.027253 -0.737954 1.000000
-0.933563 0.197815 0.000000
0.203790 0.694703 1.000000
0.989304 0.071722 0.000000
0.214925 -0.609220 1.000000
-0.885436 0.521211 0.000000
-0.954545 0.400359 0.000000
-0.609467 -0.830138 0.000000
-0.039208 -0.742104 1.000000
-0.950310 0.034684 0.000000
-0.443840 0.810802 0.000000
-0.738871 -0.672299 0.000000
0.406271 -0.862098 0.000000
-0.080572 0.635247 1.000000
-0.906329 -0.378035 0.000000
-0.542198 -0.432907 1.000000
0.672410 -0.182971 1.000000
0.356406 0.922514 0.000000
0.977471 0.446699 0.000000
-1.014447 -0.279030 0.000000
-0.764439 0.010477 1.000000
-0.744069 -0.729398 0.000000
0.757629 -0.609945 0.000000
-0.680101 -0.352609 1.000000
0.181952 -0.684174 1.000000
0.547965 0.425907 1.000000
-0.719742 -0.348284 1.000000
-0.641845 -0.282821 1.000000
0.468913 -0.405652 1.000000
0.508152 0.350664 1.000000
-0.168495 -1.057930 0.000000
-0.069658 -1.003640 0.000000
0.075631 0.978777 0.000000
0.593636 0.896034 0.000000
0.728664 0.169623 1.000000
0.640423 -0.676857 0.000000
0.194954 0.667388 1.000000
-0.746814 -0.073582 1.000000
0.597789 0.313578 1.000000
0.304897 -0.948751 0.000000
0.719354 0.081405 1.000000
-0.852624 -0.460520 0.000000
-0.138344 -0.964622 0.000000
0.659653 0.257479 1.000000
-0.510046 -0.766936 0.000000
-0.133320 1.064581 0.000000
-0.637710 -0.158627 1.000000
-0.329350 0.925889 0.000000
-0.420547 -0.514437 1.000000
0.752446 0.666107 0.000000
-0.208622 -0.942749 0.000000
0.022845 0.782069 1.000000
0.598387 0.258415 1.000000
-0.584973 0.317367 1.000000
-0.592075 -0.440304 1.000000
-1.043923 -0.167107 0.000000
0.427662 -0.664734 1.000000
-0.891073 -0.435933 0.000000
0.371356 0.660184 1.000000
0.542590 0.485086 1.000000
-0.837134 0.619663 0.000000
-0.927562 0.125676 0.000000
0.691835 -0.131827 1.000000
0.749215 -0.633798 0.000000
-0.165919 -0.621295 1.000000
0.698783 -0.206420 1.000000
-0.343021 0.973445 0.000000
0.656608 -0.207918 1.000000
0.909153 -0.400152 0.000000
0.943222 0.439211 0.000000
1.012333 0.059880 0.000000
-0.109362 1.009002 0.000000
0.376486 -0.557715 1.000000
-0.742221 0.033406 1.000000
-0.321328 -0.665836 1.000000
0.976217 0.279021 0.000000
0.919798 0.248641 0.000000
-0.209593 0.560343 1.000000
0.852433 -0.464289 0.000000
-0.715600 0.156168 1.000000
-0.207645 0.612360 1.000000
0.643596 0.374643 1.000000
0.596583 0.482809 1.000000
0.392841 -0.538109 1.000000
0.119791 -1.022913 0.000000
-0.922611 0.380883 0.000000
-0.736343 -0.562784 0.000000
-1.041038 0.250584 0.000000
-0.330172 -0.940678 0.000000
0.934410 -0.334020 0.000000
0.356519 0.698247 1.000000
-0.709677 0.113153 1.000000
-0.975239 -0.098015 0.000000
0.923709 -0.279846 0.000000
-0.262405 -0.613881 1.000000
-0.848158 0.486524 0.000000
0.602248 -0.239188 1.000000
0.708508 -0.279727 1.000000
0.462877 0.928431 0.000000
-0.382024 -1.013486 0.000000
-0.108835 0.645092 1.000000
-0.985599 -0.086641 0.000000
-0.911448 0.069693 0.000000
-0.995726 -0.233791 0.000000
0.301344 0.427311 1.000000
0.558836 0.406299 1.000000
-0.120057 -0.947776 0.000000
0.950306 -0.286965 0.000000
0.409245 0.633991 1.000000
-0.659104 0.125825 1.000000
-0.153560 -0.925795 0.000000
-0.628011 -0.007774 1.000000
-0.022686 1.002666 0.000000
-0.544207 0.529851 1.000000
0.715373 0.002338 1.000000
-0.369936 0.489045 1.000000
0.342362 0.618403 1.000000
-0.402485 -0.624983 1.000000
0.699457 -0.759410 0.000000
0.703462 0.062174 1.000000
0.615228 0.809044 0.000000
0.128050 0.621947 1.000000
0.355501 0.917978 0.000000
-0.629935 0.708022 0.000000
0.628684 0.317331 1.000000
-0.730626 -0.689090 0.000000
0.615333 -0.271490 1.000000
-0.772947 0.008326 1.000000
0.573376 -0.185286 1.000000
0.713889 0.654401 0.000000
0.392554 0.913695 0.000000
-0.374058 -0.973477 0.000000
-0.815313 -0.579776 0.000000
0.708988 -0.551816 0.000000
0.993891 -0.043992 0.000000
0.998915 -0.232950 0.000000
0.693808 -0.820651 0.000000
-0.898683 0.409644 0.000000
-1.130692 0.119608 0.000000
0.251322 -0.966330 0.000000
0.260974 0.996967 0.000000
-0.081145 0.908353 0.000000
-0.029092 0.639379 1.000000
-0.883357 0.206754 0.000000
-0.978608 0.099541 0.000000
0.751107 -0.707470 0.000000
0.046410 1.000418 0.000000
0.596074 -0.231822 1.000000
-0.472745 -0.585323 1.000000
0.975183 0.016157 0.000000
0.718160 -0.672586 0.000000
0.953119 -0.241643 0.000000
-1.003072 -0.083868 0.000000
-0.175916 -0.990186 0.000000
0.160721 -0.687124 1.000000
0.730037 0.705927 0.000000
0.678101 0.770102 0.000000
-0.624887 0.314499 1.000000
-1.052189 0.070731 0.000000
-0.849998 -0.542167 0.000000
0.558897 0.564123 1.000000
-0.819310 -0.551733 0.000000
-0.449479 -0.565471 1.000000
-0.719916 0.645651 0.000000
-1.088193 -0.024880 0.000000
-0.447431 -0.903247 0.000000
0.870799 -0.339746 0.000000
1.010434 0.315482 0.000000
0.623050 -0.312771 1.000000
0.537064 -0.347805 1.000000
-0.656716 0.277935 1.000000
-0.068407 -0.697095 1.000000
0.766310 0.135138 1.000000
0.469337 0.485086 1.000000
-0.949088 0.432252 0.000000
-0.632871 -0.315338 1.000000
-0.197820 1.001075 0.000000
0.878293 0.408936 0.000000
-0.541729 0.441264 1.000000
-0.175003 -0.743565 1.000000
-0.475237 -0.483686 1.000000
-0.609925 -0.316705 1.000000
0.308316 -0.536976 1.000000
0.564806 -0.864230 0.000000
0.341146 -0.961001 0.000000
-0.553616 0.368059 1.000000
0.556384 -0.801971 0.000000
0.858608 -0.521944 0.000000
0.703026 0.114185 1.000000
0.232334 0.643275 1.000000
-0.260459 0.645083 1.000000
-0.559043 -0.573223 1.000000
-0.996876 0.278703 0.000000
-0.593095 -0.770440 0.000000
0.974532 -0.325614 0.000000
1.088687 0.027744 0.000000
0.378416 0.646654 1.000000
0.758741 -0.569203 0.000000
-0.649276 -0.825791 0.000000
-0.626262 -0.007131 1.000000
-0.357254 0.915493 0.000000
-0.655002 -0.148217 1.000000
-0.437187 0.538521 1.000000
-0.456662 -0.918056 0.000000
-1.026008 -0.028419 0.000000
1.062653 -0.062277 0.000000
-0.411439 0.886414 0.000000
0.159506 -0.922323 0.000000
-0.925985 -0.320531 0.000000
-0.994704 0.114713 0.000000
0.538484 0.837141 0.000000
-0.999213 -0.184951 0.000000
0.602091 -0.201605 1.000000
-0.878521 -0.464195 0.000000
-0.508176 -0.610508 1.000000
-0.706338 -0.679376 0.000000
0.935763 -0.160613 0.000000
-0.849590 0.570359 0.000000
0.721437 -0.601936 0.000000
0.117962 0.691892 1.000000
0.505617 0.521859 1.000000
0.902508 -0.272832 0.000000
-0.308722 -0.565265 1.000000
-0.860751 -0.345653 0.000000
-0.146981 0.968635 0.000000
-0.311289 -0.569918 1.000000
0.666579 -0.406170 1.000000
0.071640 0.669666 1.000000
-0.647104 0.229401 1.000000
0.061938 0.678602 1.000000
0.093959 -0.657857 1.000000
0.541182 0.275558 1.000000
0.408571 0.950149 0.000000
-0.698297 0.320130 1.000000
0.319632 -0.991376 0.000000
-0.442004 0.490037 1.000000
0.504504 -0.508250 1.000000
-0.408165 0.998587 0.000000
-0.457274 -0.579627 1.000000
-0.640442 -0.794991 0.000000
0.023263 -0.983285 0.000000
-0.725628 0.659909 0.000000
0.625658 0.075901 1.000000
0.344287 -0.597461 1.000000
-0.548580 0.461151 1.000000
-0.370735 -0.556066 1.000000
-0.074651 -1.093994 0.000000
0.072922 0.979582 0.000000
-0.621812 0.704231 0.000000
0.702906 -0.212294 1.000000
-0.949702 -0.054255 0.000000
-0.604925 0.400486 1.000000
0.682644 0.651824 0.000000
-0.971064 -0.004418 0.000000
0.411306 0.548298 1.000000
0.806914 0.413933 0.000000
-0.096667 0.952869 0.000000
0.125494 -0.887016 0.000000
0.277778 -0.590524 1.000000
-0.948774 -0.312728 0.000000
-0.443989 0.823471 0.000000
-0.391326 0.862657 0.000000
-0.937544 -0.178356 0.000000
-0.097810 -1.004666 0.000000
-0.530036 -0.860652 0.000000
0.061228 -0.724831 1.000000
0.573132 0.454086 1.000000
0.690555 -0.271222 1.000000
-0.213691 -0.856614 0.000000
0.676466 0.229262 1.000000
0.135402 -0.725488 1.000000
-0.003473 0.995453 0.000000
0.592855 -0.103003 1.000000
0.126875 0.954953 0.000000
-0.700304 -0.681147 0.000000
-0.800199 0.542303 0.000000
0.514340 0.571122 1.000000
-0.667792 -0.115410 1.000000
0.156977 1.107603 0.000000
-0.577623 -0.312211 1.000000
-0.209172 -1.002807 0.000000
0.937592 -0.075117 0.000000
0.754049 0.594954 0.000000
-0.106706 1.028285 0.000000
0.550285 -0.412246 1.000000
0.153465 -1.001577 0.000000
-0.669989 -0.280580 1.000000
-0.260618 0.647314 1.000000
0.668047 -0.125354 1.000000
-0.804390 -0.722872 0.000000
0.750943 0.126919 1.000000
-0.837289 -0.501915 0.000000
-0.382567 -0.508436 1.000000
0.854753 0.570898 0.000000
0.676789 -0.659747 0.000000
-0.409290 -0.505710 1.000000
-1.068144 -0.343275 0.000000
-0.410748 0.943074 0.000000
-0.520147 -0.489504 1.000000
-0.615564 -0.788139 0.000000
0.657551 -0.048275 1.000000
0.143399 0.945016 0.000000
-0.910727 0.591740 0.000000
0.980340 -0.146981 0.000000
0.284849 0.954976 0.000000
-0.532437 -0.534960 1.000000
0.689661 -0.773835 0.000000
-0.360453 -0.608924 1.000000
0.294418 -0.957125 0.000000
0.447813 0.923651 0.000000
0.141414 0.719550 1.000000
-0.488931 0.563382 1.000000
-0.129992 -0.694462 1.000000
-0.398182 0.557319 1.000000
-1.008167 -0.239972 0.000000
-0.984984 0.036679 0.000000
0.069275 -0.997481 0.000000
-0.794134 0.550062 0.000000
-0.781504 -0.692038 0.000000
-0.108051 0.782580 1.000000
0.552375 -0.437355 1.000000
-1.050109 0.208593 0.000000
0.327200 -0.969247 0.000000
-0.546922 -0.253801 1.000000
-0.261577 0.946604 0.000000
0.133667 -0.689321 1.000000
0.528119 -0.874334 0.000000
1.002002 -0.115731 0.000000
0.923113 -0.410537 0.000000
0.648027 -0.733122 0.000000
1.017789 -0.215218 0.000000
0.796612 0.713295 0.000000
0.629701 -0.189890 1.000000
0.033783 1.004790 0.000000
0.452812 0.598390 1.000000
0.816941 -0.512640 0.000000
0.852679 -0.420275 0.000000
1.024384 0.094416 0.000000
0.634765 0.056740 1.000000
-0.159384 0.780254 1.000000
-0.155958 0.686053 1.000000
-0.743742 -0.103435 1.000000
0.215893 1.009758 0.000000
-0.660132 -0.101906 1.000000
-0.358590 0.606714 1.000000
-0.290603 -0.732203 1.000000
-0.197248 0.914123 0.000000
-0.966698 0.124864 0.000000
-1.017117 -0.177032 0.000000
0.793795 -0.679723 0.000000
-0.560329 -0.414048 1.000000
0.172587 0.646160 1.000000
0.167300 -0.674362 1.000000
0.862490 -0.636124 0.000000
0.911681 -0.555144 0.000000
0.086433 -1.060354 0.000000
-0.480020 -0.426471 1.000000
0.454124 0.569652 1.000000
-0.586285 0.742990 0.000000
-0.124486 0.767332 1.000000
0.227479 1.010008 0.000000
-0.555858 -0.780332 0.000000
-0.164887 0.665553 1.000000
0.799823 -0.154774 1.000000
0.073857 0.860549 0.000000
-0.352419 0.523183 1.000000
-0.684595 -0.711604 0.000000
0.610805 -0.073095 1.000000
0.728377 -0.023627 1.000000
-0.915460 0.326961 0.000000
-0.457725 0.830995 0.000000
-0.030889 -0.955414 0.000000
0.678046 -0.175195 1.000000
0.656434 0.253773 1.000000
-0.039927 0.722865 1.000000
0.955692 0.389725 0.000000
-0.601057 -0.391242 1.000000
0.936738 -0.287415 0.000000
0.214481 0.584879 1.000000
0.581022 0.401383 1.000000
-0.534390 0.821196 0.000000
-0.114344 0.988609 0.000000
0.274014 0.973342 0.000000
0.410889 0.889077 0.000000
0.108263 -0.731357 1.000000
-0.839702 0.324004 0.000000
0.258100 -0.663719 1.000000
-0.123192 -0.946199 0.000000
-0.233532 -0.710987 1.000000
-0.570604 -0.397630 1.000000
0.726145 0.239046 1.000000
-0.175568 0.586291 1.000000
0.329688 -0.867092 0.000000
0.552350 -0.521532 1.000000
-0.638344 -0.734780 0.000000
-1.073554 0.193063 0.000000
-0.160616 -1.005998 0.000000
-0.632701 0.751217 0.000000
-0.660052 0.745779 0.000000
-0.674632 0.116438 1.000000
0.709182 -0.595627 0.000000
-0.725263 0.014819 1.000000
-0.921502 0.036661 0.000000
0.696624 -0.098182 1.000000
-0.926713 -0.528660 0.000000
0.864584 -0.406938 0.000000
0.732020 0.221765 1.000000
-0.320944 0.595956 1.000000
0.747825 -0.855989 0.000000
-0.712748 0.602116 0.000000
0.559420 -0.378738 1.000000
-0.110809 0.665138 1.000000
-0.176098 -0.734673 1.000000
-0.598888 0.885698 0.000000
-0.409490 -0.500173 1.000000
-0.589356 0.830565 0.000000
1.021545 -0.237512 0.000000
0.525336 0.330188 1.000000
0.938758 -0.275549 0.000000
-0.818460 -0.041663 1.000000
-0.854107 -0.319378 0.000000
-0.997810 -0.052064 0.000000
0.462731 -0.495052 1.000000
0.436955 0.532302 1.000000
0.482814 -0.474753 1.000000
-0.903023 0.365622 0.000000
0.863801 0.514013 0.000000
0.473174 -0.845947 0.000000
0.309148 -0.579474 1.000000
-0.444826 -0.566650 1.000000
0.616431 0.267948 1.000000
-0.056789 0.672259 1.000000
-0.641990 -0.337002 1.000000
1.003006 -0.193890 0.000000
-0.650405 0.109140 1.000000
0.907904 0.381447 0.000000
0.276217 0.894793 0.000000
-0.517285 0.418486 1.000000
-0.133456 0.726029 1.000000
-0.352939 0.524545 1.000000
-0.911304 -0.049052 0.000000
0.876369 -0.438353 0.000000
-0.625052 0.802928 0.000000
-0.895458 -0.332976 0.000000
-0.344478 -0.625227 1.000000
0.543966 0.512637 1.000000
-0.320398 -1.053104 0.000000
-0.405727 0.975588 0.000000
-0.712091 0.661214 0.000000
0.200721 -0.660169 1.000000
-0.385496 -0.552650 1.000000
-0.563196 -0.412315 1.000000
-0.243262 0.665038 1.000000
-0.158440 0.643212 1.000000
-0.638515 -0.841045 0.000000
0.053606 0.906043 0.000000
0.178900 0.658920 1.000000
-0.751471 -0.730640 0.000000
-0.143462 -0.977269 0.000000
-0.197947 0.935943 0.000000
0.599066 -0.334527 1.000000
-0.913027 0.571005 0.000000
0.063631 0.782253 1.000000
-0.613209 0.303518 1.000000
-0.898042 0.264387 0.000000
0.369076 -0.589571 1.000000
-0.729355 -0.283252 1.000000
-0.060424 1.086279 0.000000
-0.617584 -0.417718 1.000000
-0.504034 -0.432173 1.000000
-0.211409 -0.673591 1.000000
0.912521 0.580508 0.000000
0.065636 0.733730 1.000000
0.626993 0.828909 0.000000
0.183595 -0.649120 1.000000
0.371011 0.972379 0.000000
-0.436220 -0.915483 0.000000
1.014748 0.065596 0.000000
0.707023 -0.153340 1.000000
-0.646712 0.344483 1.000000
-0.163986 0.636208 1.000000
0.635043 0.619221 0.000000
0.319114 -0.736155 1.000000
-0.482582 0.709712 1.000000
0.235738 -0.653454 1.000000
-0.509535 0.498929 1.000000
0.566562 0.710904 0.000000
0.643373 0.263783 1.000000
-0.111672 -0.709480 1.000000
-0.121605 0.913334 0.000000
0.631296 -0.355897 1.000000
0.722430 0.682806 0.000000
0.812227 0.575345 0.000000
-0.664083 -0.192426 1.000000
0.718140 -0.137441 1.000000
0.672975 0.175758 1.000000
-0.162185 0.953950 0.000000
-0.217456 -0.999624 0.000000
0.002054 -0.636782 1.000000
-0.403037 0.850557 0.000000
0.027427 0.977169 0.000000
-0.120964 -0.668503 1.000000
-0.663464 -0.024594 1.000000
0.521437 0.898340 0.000000
0.516238 0.958822 0.000000
0.601843 -0.436616 1.000000
-0.472691 0.446050 1.000000
-0.357324 -1.008283 0.000000
0.484374 -0.956020 0.000000
0.498554 -0.301077 1.000000
0.847167 -0.474685 0.000000
0.514665 -0.788523 0.000000
-0.072868 0.709631 1.000000
-0.363814 0.907890 0.000000
0.430375 0.469942 1.000000
0.648173 0.327608 1.000000
-0.921937 0.100550 0.000000
0.187147 -0.707324 1.000000
0.257247 -0.906320 0.000000
0.919498 0.658688 0.000000
-0.360334 -0.947776 0.000000
-0.422951 -0.945748 0.000000
-0.702376 0.682111 0.000000
0.299215 -0.997041 0.000000
-0.688303 0.624016 0.000000
-0.623170 -0.221769 1.000000
-0.735205 -0.137759 1.000000
-0.894236 0.386056 0.000000
-0.029517 -0.724677 1.000000
-0.373058 -0.527707 1.000000
0.193260 0.620538 1.000000
-0.849408 -0.530189 0.000000
-0.249378 1.034685 0.000000
-0.945007 -0.117470 0.000000
-0.143657 -0.651638 1.000000
-0.633470 -0.399174 1.000000
0.294303 -0.964635 0.000000
-0.983140 0.043086 0.000000
-0.201603 -0.693322 1.000000
0.358093 0.843787 0.000000
0.537966 0.330539 1.000000
-0.281666 0.897985 0.000000
-0.884131 -0.538693 0.000000
-0.899955 0.538189 0.000000
0.475313 -0.548715 1.000000
-0.989056 0.218616 0.000000
0.192558 0.686000 1.000000
0.972110 0.216654 0.000000
-0.150156 -0.664071 1.000000
-1.084581 0.177783 0.000000
-0.308480 0.568968 1.000000
0.520615 0.336166 1.000000
0.794180 -0.530535 0.000000
-0.126287 1.013658 0.000000
-0.616688 -0.279813 1.000000
-0.403730 0.568747 1.000000
-0.635323 0.781943 0.000000
0.093162 -0.664614 1.000000
0.666163 0.769025 0.000000
-0.516887 0.479861 1.000000
-0.704760 -0.117956 1.000000
-0.585575 -0.390031 1.000000
0.441348 0.824237 0.000000
0.660287 -0.812924 0.000000
-0.396564 0.929573 0.000000
0.404927 -0.536370 1.000000
-0.653453 -0.731257 0.000000
0.703432 -0.179520 1.000000
-0.703637 -0.073140 1.000000
0.181353 -0.761258 1.000000
-0.414096 0.942129 0.000000
-0.568311 0.384173 1.000000
0.551412 -0.324035 1.000000
-0.930308 -0.366537 0.000000
0.551755 0.893641 0.000000
-0.089238 1.006249 0.000000
1.004262 0.079371 0.000000
0.130906 0.592869 1.000000
0.221446 -0.739218 1.000000
-0.301212 -0.951337 0.000000
-0.498597 -0.590051 1.000000
0.222678 0.978931 0.000000
-0.102125 -0.742092 1.000000
0.632286 0.166405 1.000000
0.764108 0.516186 0.000000
-0.662638 -0.211851 1.000000
-0.538482 -0.465768 1.000000
-0.674442 0.280048 1.000000
-0.799564 0.565772 0.000000
0.366813 0.903881 0.000000
0.110448 0.721372 1.000000
-0.513874 -0.760204 0.000000
-0.978634 -0.065603 0.000000
-0.524051 -0.827097 0.000000
-0.427656 -0.550944 1.000000
0.642795 0.200696 1.000000
0.305090 0.930836 0.000000
0.619556 -0.818161 0.000000
0.408333 -0.567439 1.000000
0.574663 -0.250292 1.000000
0.978249 0.224008 0.000000
1.044693 0.044056 0.000000
-0.986659 -0.105924 0.000000
-0.488927 -0.796331 0.000000
0.262145 0.709473 1.000000
1.024804 -0.340719 0.000000
-0.266296 1.010903 0.000000
0.537318 0.372037 1.000000
0.728556 -0.666654 0.000000
-0.285250 -0.909696 0.000000
-0.933440 -0.397392 0.000000
0.453108 -0.890859 0.000000
0.514178 0.895084 0.000000
0.895403 0.291720 0.000000
-0.758636 0.006904 1.000000
-0.830606 -0.611157 0.000000
-0.466196 0.444761 1.000000
-0.234277 -0.734530 1.000000
0.381535 -0.571050 1.000000
0.705750 -0.698945 0.000000
0.422581 0.985433 0.000000
-0.539844 0.460439 1.000000
0.046680 -0.978693 0.000000
0.984088 0.018698 0.000000
-0.358938 0.918766 0.000000
0.315059 -0.923215 0.000000
0.200473 -0.607607 1.000000
0.493930 0.441830 1.000000
-0.805558 0.243026 1.000000
0.127053 0.913065 0.000000
0.812078 0.485986 0.000000
0.992235 0.359542 0.000000
-0.650550 0.295750 1.000000
-0.605816 -0.400618 1.000000
0.024023 -0.766469 1.000000
-0.094949 -0.617658 1.000000
-0.464322 -0.969369 0.000000
-0.848683 -0.525344 0.000000
0.495311 -0.418180 1.000000
0.807212 0.414058 0.000000
0.543581 -0.452029 1.000000
0.903254 -0.484467 0.000000
1.084505 -0.047012 0.000000
0.038399 -0.716318 1.000000
0.909694 0.375535 0.000000
-0.708696 -0.817252 0.000000
0.916034 0.520431 0.000000
-0.681416 0.194997 1.000000
0.688198 -0.036185 1.000000
0.820302 0.618800 0.000000
0.886976 -0.613581 0.000000
-0.288848 -0.952762 0.000000
0.032099 0.696782 1.000000
0.235170 0.590183 1.000000
-0.948477 -0.128291 0.000000
0.209973 0.602180 1.000000
-0.002122 0.663059 1.000000
-0.152095 0.684739 1.000000
0.203805 -0.916277 0.000000
0.579740 -0.369657 1.000000
0.255895 -0.623884 1.000000
0.036816 -0.741023 1.000000
0.846884 0.627318 0.000000
-0.624197 0.853248 0.000000
-0.729566 0.239545 1.000000
0.586975 0.419716 1.000000
-0.269799 0.631675 1.000000
-0.514150 0.547085 1.000000
0.412731 0.503654 1.000000
0.520990 -0.501538 1.000000
0.618798 -0.106495 1.000000
1.013847 0.066198 0.000000
0.420564 -0.583400 1.000000
0.454520 -0.886780 0.000000
-0.971420 -0.253627 0.000000
0.262715 -0.646876 1.000000
-0.451886 0.508401 1.000000
-0.226874 0.902531 0.000000
-0.423363 0.928776 0.000000
0.454168 0.502489 1.000000
-0.589266 -0.462341 1.000000
-0.014288 -1.040329 0.000000
0.114304 0.619086 1.000000
-0.697989 -0.390459 1.000000
-0.227489 -0.598748 1.000000
-0.665183 0.282853 1.000000
-0.541524 -0.435529 1.000000
0.401072 -0.919248 0.000000
0.641727 0.221452 1.000000
0.740599 0.006530 1.000000
-0.196785 -0.703830 1.000000
-0.800691 -0.607332 0.000000
-0.468980 -0.851118 0.000000
-0.434740 0.778789 0.000000
0.802087 -0.648949 0.000000
-0.176719 -0.698545 1.000000
-0.082780 0.727221 1.000000
0.073047 -0.681120 1.000000
0.444175 0.920845 0.000000
-1.059408 0.063097 0.000000
0.777916 -0.673008 0.000000
-0.336908 0.696807 1.000000
-0.423211 0.592425 1.000000
0.926066 0.379197 0.000000
0.105801 1.008252 0.000000
-0.815646 -0.392603 0.000000
0.819576 0.427506 0.000000
-0.685188 -0.731357 0.000000
-0.656627 -0.086717 1.000000
0.690395 0.858289 0.000000
-0.312792 0.599831 1.000000
0.064495 0.843589 0.000000
0.053037 0.656131 1.000000
0.217921 0.979631 0.000000
-0.936306 -0.569353 0.000000
-0.038645 -1.099149 0.000000
0.212922 -0.601835 1.000000
-0.432539 0.953628 0.000000
-0.438318 -0.545964 1.000000
0.233974 0.789078 1.000000
-0.771368 0.369613 0.000000
0.360107 0.579213 1.000000
0.557559 -0.686459 0.000000
0.444247 -0.548887 1.000000
-0.299892 -0.883092 0.000000
0.141888 0.694014 1.000000
-1.018777 -0.051304 0.000000
0.932029 -0.420280 0.000000
-0.669814 -0.150129 1.000000
0.531985 -0.534786 1.000000
-0.566728 0.445867 1.000000
0.322098 -0.598762 1.000000
-0.920571 -0.412641 0.000000
0.635645 0.118346 1.000000
-0.312999 0.803789 1.000000
-0.274515 -0.660818 1.000000
-0.537670 -0.844984 0.000000
-0.644426 0.234124 1.000000
0.919318 -0.415955 0.000000
-0.786948 0.114396 1.000000
0.718340 0.034069 1.000000
-0.566693 0.585877 1.000000
0.906871 0.369484 0.000000
-0.901594 -0.234191 0.000000
0.942622 0.195402 0.000000
-0.040043 0.630823 1.000000
0.401119 -0.471536 1.000000
-0.898231 -0.549753 0.000000
0.716483 0.621119 0.000000
0.655122 0.181245 1.000000
0.146822 -0.674597 1.000000
0.653701 -0.396265 1.000000
0.642460 0.760634 0.000000
-0.634059 0.177738 1.000000
-0.668938 0.393280 1.000000
-0.508884 0.552898 1.000000
1.004082 0.180574 0.000000
-0.620450 0.290440 1.000000
0.479547 -0.545961 1.000000
-0.112974 1.012504 0.000000
-0.647729 0.335175 1.000000
0.157572 0.640369 1.000000
-0.417540 0.866327 0.000000
0.899634 0.085292 0.000000
0.612699 -0.343939 1.000000
0.986955 0.317352 0.000000
0.677731 -0.289834 1.000000
0.828734 -0.404598 0.000000
-0.625094 0.321947 1.000000
0.611468 0.808639 0.000000
0.307591 0.601942 1.000000
-0.477133 0.398857 1.000000
0.747608 0.164177 1.000000
-0.531256 0.480910 1.000000
-0.611037 -0.272768 1.000000
-0.169126 -0.973952 0.000000
0.240464 -1.023652 0.000000
0.584428 0.794900 0.000000
-0.015787 0.975212 0.000000
0.653780 0.853599 0.000000
0.631632 -0.303974 1.000000
-0.163978 -0.654652 1.000000
0.029922 0.687446 1.000000
-0.325571 0.627421 1.000000
0.993497 0.400123 0.000000
-0.111732 -0.689147 1.000000
-0.491669 0.897392 0.000000
-0.630730 0.206250 1.000000
0.663749 0.154512 1.000000
0.506459 0.849812 0.000000
-0.088405 -0.786702 1.000000
-0.170562 1.020567 0.000000
-0.506135 0.468884 1.000000
0.557376 -0.479961 1.000000
-1.000643 0.046235 0.000000
0.912747 0.285722 0.000000
-0.836106 -0.473949 0.000000
0.722781 -0.249044 1.000000
0.342994 0.593220 1.000000
0.645065 0.805023 0.000000
0.370813 -0.637978 1.000000
-0.634781 0.159051 1.000000
0.759646 -0.588150 0.000000
0.595289 -0.395840 1.000000
0.559678 0.502064 1.000000
0.544769 0.888448 0.000000
-0.294952 -0.651984 1.000000
-0.901182 0.426341 0.000000
0.324185 0.593445 1.000000
-0.734035 0.115219 1.000000
0.925210 -0.121156 0.000000
0.455598 0.868275 0.000000
-0.905024 0.570963 0.000000
-0.441791 -0.899092 0.000000
1.045699 -0.058649 0.000000
0.561946 -0.518189 1.000000
0.606050 -0.748880 0.000000
0.918593 -0.319454 0.000000
-0.892311 -0.452097 0.000000
-0.682827 0.299483 1.000000
-0.536946 0.043593 1.000000
0.528463 0.925534 0.000000
-0.677118 -0.089593 1.000000
0.484489 0.817822 0.000000
0.005912 -0.882989 0.000000
-0.882825 0.493632 0.000000
-0.618484 -0.333926 1.000000
-0.296932 -0.896810 0.000000
0.132346 1.028557 0.000000
-0.875307 0.625206 0.000000
0.357917 -0.635369 1.000000
0.818879 0.575668 0.000000
0.667326 0.177392 1.000000
1.048219 -0.071702 0.000000
0.351575 0.703474 1.000000
-0.400038 -0.470882 1.000000
0.720446 -0.164843 1.000000
-0.468358 0.455106 1.000000
-0.018106 -0.677291 1.000000
0.617948 -0.298188 1.000000
-0.788736 -0.707043 0.000000
0.738310 0.604509 0.000000
0.579655 -0.420733 1.000000
-0.719226 -0.357407 1.000000
0.968330 -0.006771 0.000000
0.208395 -0.670809 1.000000
-0.582845 -0.402982 1.000000
-0.140976 0.689856 1.000000
0.005151 0.684008 1.000000
0.976531 -0.105755 0.000000
0.112806 0.565591 1.000000
-0.497450 -0.509468 1.000000
0.743235 -0.159252 1.000000
-0.057190 0.971070 0.000000
-0.618399 0.848963 0.000000
-0.946280 0.121862 0.000000
-0.520157 0.905670 0.000000
0.823115 -0.701994 0.000000
0.192615 0.987322 0.000000
-0.195280 -1.025489 0.000000
-0.536158 0.564734 1.000000
0.725986 0.781678 0.000000
-0.375142 -0.626160 1.000000
-0.137731 -1.061555 0.000000
-0.675374 0.326235 1.000000
0.426106 1.024165 0.000000
0.840800 -0.555011 0.000000
0.520330 -0.740511 0.000000
0.039926 -0.995707 0.000000
-0.202210 -0.999197 0.000000
-0.654586 0.183957 1.000000
0.310943 0.920174 0.000000
-0.225360 0.971211 0.000000
-0.772982 0.674765 0.000000
-0.801365 0.652981 0.000000
-0.977857 0.046459 0.000000
0.159647 -0.975395 0.000000
-0.424286 -0.559322 1.000000
-0.515932 -0.832019 0.000000
0.903796 -0.336608 0.000000
-0.245495 0.645180 1.000000
-0.504643 0.516789 1.000000
0.584389 0.401447 1.000000
0.418421 -0.470847 1.000000
-0.289956 0.548966 1.000000
-0.344427 -0.978017 0.000000
0.830407 0.392498 0.000000
-1.030949 -0.177445 0.000000
-0.467372 0.902093 0.000000
0.962821 -0.248243 0.000000
0.134183 -0.966579 0.000000
0.874021 0.343553 0.000000
-0.092735 0.987689 0.000000
-0.479161 -0.532549 1.000000
0.710108 0.083325 1.000000
0.281941 -0.964449 0.000000
0.298674 -0.966676 0.000000
-0.585496 -0.263766 1.000000
-0.124933 -1.033063 0.000000
0.929251 -0.440176 0.000000
0.699091 -0.073715 1.000000
-0.718155 0.144249 1.000000
0.695959 0.424110 1.000000
0.308931 -0.576598 1.000000
-0.619534 -0.315785 1.000000
1.014290 0.069704 0.000000
-0.946555 -0.127762 0.000000
0.048833 0.654200 1.000000
0.263492 -0.624530 1.000000
0.573519 0.882991 0.000000
-0.895124 0.382219 0.000000
-0.845849 0.557649 0.000000
0.336972 0.512440 1.000000
-0.317759 -0.984564 0.000000
-0.841179 0.666359 0.000000
-0.318295 -0.979248 0.000000
-0.628960 -0.143579 1.000000
-0.419764 0.580106 1.000000
0.182874 1.043346 0.000000
-0.828419 0.484061 0.000000
0.738593 0.634810 0.000000
-0.311757 0.617109 1.000000
0.698458 -0.251261 1.000000
0.053699 -0.709122 1.000000
-0.087650 0.726223 1.000000
-0.955638 -0.356530 0.000000
-0.656066 0.066827 1.000000
-0.466634 0.610978 1.000000
-0.760390 -0.051175 1.000000
0.505472 -0.931884 0.000000
-0.431732 0.496593 1.000000
0.875012 -0.535104 0.000000
-0.518707 0.787503 0.000000
0.706984 0.097386 1.000000
0.530140 0.835323 0.000000
-0.085256 0.640046 1.000000
0.010045 -0.678356 1.000000
-0.865848 -0.564304 0.000000
-0.049455 0.687570 1.000000
-0.676894 -0.666068 0.000000
-0.724294 -0.256529 1.000000
0.931585 0.344341 0.000000
0.574554 0.510923 1.000000
-1.104499 0.002773 0.000000
0.957359 0.306567 0.000000
-0.621679 0.686546 0.000000
-0.844677 -0.452864 0.000000
0.356994 -0.564116 1.000000
-0.025557 -0.670727 1.000000
0.347884 -0.954412 0.000000
0.479295 0.996538 0.000000
0.873619 0.593286 0.000000
-0.891682 -0.201080 0.000000
-0.304882 -0.684305 1.000000
0.910209 -0.433262 0.000000
-0.084143 0.631500 1.000000
0.153278 0.634372 1.000000
0.551950 0.765130 0.000000
-0.444912 -0.613022 1.000000
0.715493 -0.742606 0.000000
0.043474 -0.675425 1.000000
0.882736 0.295050 0.000000
-0.173490 0.714405 1.000000
0.238467 0.913639 0.000000
0.397680 0.546714 1.000000
0.873039 0.522264 0.000000
-0.447371 0.956786 0.000000
0.914526 -0.593087 0.000000
-0.138535 -0.649109 1.000000
-0.030030 -0.693810 1.000000
0.475907 -0.529588 1.000000
-0.906565 0.581129 0.000000
-0.972243 -0.079609 0.000000
-1.023117 -0.207341 0.000000
0.160931 -0.673820 1.000000
-0.560970 -0.783792 0.000000
0.427200 0.569855 1.000000
0.947775 0.504897 0.000000
0.638470 0.347711 1.000000
0.688718 0.212351 1.000000
-0.194442 0.642417 1.000000
-0.403553 -0.569076 1.000000
-0.101077 -0.747769 1.000000
0.958373 0.091199 0.000000
0.872647 -0.524169 0.000000
-1.087011 0.007014 0.000000
-0.987894 -0.048829 0.000000
-0.263651 -0.673051 1.000000
0.955226 -0.198860 0.000000
-0.879212 0.356983 0.000000
0.255520 -0.944641 0.000000
0.849652 0.253463 0.000000
0.455545 0.776326 0.000000
0.228443 0.638944 1.000000
0.942766 0.345944 0.000000
0.806786 0.393584 0.000000
-0.500968 0.793604 0.000000
-0.411494 -0.870595 0.000000
0.609125 -0.181504 1.000000
0.165865 -1.038920 0.000000
0.452933 0.552282 1.000000
-0.707420 -0.678254 0.000000
0.157970 -0.717701 1.000000
1.046055 -0.214807 0.000000
-0.510340 -0.554881 1.000000
0.718427 -0.560468 0.000000
0.232249 -0.669141 1.000000
0.941100 -0.395087 0.000000
-0.343084 -0.550262 1.000000
-0.363489 0.911520 0.000000
-0.971781 0.311030 0.000000
0.039393 -0.994100 0.000000
0.114503 -0.630083 1.000000
0.501990 -0.837057 0.000000
0.320402 -0.640806 1.000000
0.282674 0.944594 0.000000
0.656272 0.397926 1.000000
-0.498267 0.384257 1.000000
-0.584820 0.281131 1.000000
-0.581601 0.525484 1.000000
0.384533 0.827153 0.000000
-0.905568 -0.445109 0.000000
0.866958 0.676010 0.000000
-0.456301 0.586008 1.000000
-0.467921 0.886443 0.000000
-0.564834 -0.500327 1.000000
-0.518717 -0.352955 1.000000
0.652552 -0.109532 1.000000
0.342918 0.664224 1.000000
0.199947 0.735397 1.000000
-0.734540 -0.154387 1.000000
-0.673838 0.206847 1.000000
0.433139 0.580498 1.000000
-0.528561 0.344582 1.000000
0.655928 -0.348432 1.000000
-0.199301 0.599291 1.000000
0.988195 0.109240 0.000000
0.565573 0.357633 1.000000
0.417168 -0.594070 1.000000
-1.034622 0.225602 0.000000
0.080154 -1.032481 0.000000
-0.646206 -0.753755 0.000000
0.402319 -0.827286 0.000000
0.993932 0.453964 0.000000
-0.402687 0.570349 1.000000
-0.700212 -0.155551 1.000000
0.683337 -0.181873 1.000000
-0.611075 0.175660 1.000000
-0.666082 0.248772 1.000000
0.532332 0.454316 1.000000
1.032514 -0.351010 0.000000
-0.717807 -0.769543 0.000000
-0.140043 -0.748001 1.000000
1.001173 0.347136 0.000000
-0.755958 0.080749 1.000000
-0.642199 0.288576 1.000000
0.937121 -0.671607 0.000000
0.962535 -0.350250 0.000000
-0.600908 -0.401820 1.000000
0.352048 0.719477 1.000000
-0.636169 -0.149562 1.000000
0.224939 0.672200 1.000000
-0.014723 0.664205 1.000000
0.714335 -0.741204 0.000000
0.724417 -0.005748 1.000000
-0.425134 -0.470788 1.000000
-0.969053 -0.221405 0.000000
-0.688346 0.036873 1.000000
0.727140 0.667493 0.000000
-0.706202 0.018688 1.000000
0.519792 0.432639 1.000000
-0.912293 -0.499550 0.000000
-0.739622 -0.773707 0.000000
-0.662674 -0.745750 0.000000
0.068111 -0.647502 1.000000
-0.256209 0.902778 0.000000
-0.752787 0.080602 1.000000
-0.207776 -0.955952 0.000000
-0.428452 -0.857869 0.000000
0.695174 0.391065 1.000000
-0.735756 0.069636 1.000000
-0.737513 0.671955 0.000000
0.004452 -0.795368 1.000000
0.505770 -0.460573 1.000000
0.138354 0.843203 0.000000
-0.407044 -0.552008 1.000000
0.543655 -0.887498 0.000000
0.653395 0.228729 1.000000
0.482344 0.527037 1.000000
0.705894 0.686592 0.000000
0.180230 -0.722993 1.000000
-0.913502 0.481483 0.000000
-0.465132 0.626883 1.000000
0.545672 -0.812432 0.000000
0.896137 -0.456878 0.000000
0.100220 0.646497 1.000000
-0.613879 0.480259 1.000000
0.369724 0.946516 0.000000
-0.497686 -0.538500 1.000000
-0.740973 -0.737009 0.000000
-0.794719 -0.175510 1.000000
-0.469326 0.602056 1.000000
0.955604 0.077867 0.000000
0.480659 0.337461 1.000000
0.188794 0.998121 0.000000
-0.176786 0.717895 1.000000
0.250388 -0.701729 1.000000
0.498510 0.858108 0.000000
-0.376851 -0.552165 1.000000
0.582820 0.835048 0.000000
0.948415 0.067094 0.000000
0.325928 -0.598680 1.000000
0.078416 0.734319 1.000000
-0.219551 -0.968384 0.000000
-0.089317 -1.003558 0.000000
0.688854 0.061498 1.000000
-0.708047 0.188542 1.000000
-0.036506 0.676300 1.000000
-0.617883 -0.317445 1.000000
1.018229 0.053649 0.000000
-0.684090 0.028216 1.000000
0.927688 -0.380754 0.000000
-0.411629 -0.514767 1.000000
0.435456 0.508971 1.000000
0.590081 -0.750421 0.000000
-0.625060 0.356172 1.000000
-0.533470 -0.483833 1.000000
0.690016 0.202312 1.000000
-0.459838 0.881598 0.000000
-0.672371 0.649043 0.000000
0.715202 0.043218 1.000000
0.703432 -0.130062 1.000000
0.169648 0.676828 1.000000
-0.097909 -0.906080 0.000000
0.078648 -0.919601 0.000000
-0.024503 -0.962141 0.000000
-0.203559 -0.571549 1.000000
-0.640469 0.396238 1.000000
0.367940 0.657809 1.000000
0.651416 -0.297301 1.000000
0.692008 -0.221014 1.000000
0.131735 -0.899040 0.000000
0.669343 -0.465863 1.000000
0.794975 -0.558824 0.000000
-0.722074 0.215326 1.000000
0.600614 -0.727903 0.000000
0.271310 -0.714971 1.000000
-0.379981 -0.897544 0.000000
-0.716470 -0.716422 0.000000
-0.598395 0.933046 0.000000
0.923623 -0.209669 0.000000
-0.137804 -0.620845 1.000000
-0.533576 -0.484379 1.000000
0.617442 -0.325609 1.000000
0.005830 -1.035461 0.000000
0.520269 -0.899762 0.000000
0.504014 -0.572810 1.000000
-0.667033 0.743890 0.000000
-0.076892 -0.709396 1.000000
0.578794 0.257384 1.000000
-0.400622 -0.611941 1.000000
0.689994 -0.158541 1.000000
-0.218663 -0.765908 1.000000
0.563243 -0.539579 1.000000
-0.563505 -0.406129 1.000000
0.930647 -0.285105 0.000000
0.427944 -0.893537 0.000000
-0.504412 0.584607 1.000000
-0.215731 -0.688280 1.000000
-0.965606 -0.233562 0.000000
-0.586044 -0.388742 1.000000
0.614984 -0.083013 1.000000
0.502469 -0.389360 1.000000
0.447903 0.595516 1.000000
0.226743 -0.867413 0.000000
0.709475 -0.728991 0.000000
0.612839 -0.497290 1.000000
0.547301 -0.849886 0.000000
-0.306786 -0.575888 1.000000
-0.518386 0.525900 1.000000
-1.058797 -0.003716 0.000000
0.234905 -0.631957 1.000000
1.079879 -0.206006 0.000000
0.666120 -0.730230 0.000000
0.744590 0.046923 1.000000
0.746920 -0.630280 0.000000
-0.547416 0.842112 0.000000
0.027688 -0.687635 1.000000
-0.750802 0.578528 0.000000
0.479122 -0.471752 1.000000
-0.740195 0.061178 1.000000
0.478229 -0.366631 1.000000
-0.183951 0.605953 1.000000
0.319456 -0.798244 0.000000
0.642507 0.834033 0.000000
-0.620960 -0.274420 1.000000
-0.747243 -0.557574 0.000000
0.198533 1.104975 0.000000
0.631779 -0.270402 1.000000
-0.092005 -0.716984 1.000000
-0.789794 0.553504 0.000000
0.622099 -0.279164 1.000000
-0.276991 0.977042 0.000000
-0.151013 0.690052 1.000000
0.416176 -0.594423 1.000000
0.060029 0.885202 0.000000
0.558839 0.460389 1.000000
0.636581 0.307761 1.000000
0.441489 0.464325 1.000000
-0.885522 0.481576 0.000000
0.721541 0.733807 0.000000
-0.235138 -0.991572 0.000000
0.794270 0.437654 0.000000
0.454070 0.396006 1.000000
1.009710 -0.134892 0.000000
-0.593754 -0.836490 0.000000
-0.619500 -0.315547 1.000000
0.311741 0.890036 0.000000
-0.849055 0.438418 0.000000
0.472120 0.550768 1.000000
0.552863 0.458723 1.000000
-0.046891 0.652657 1.000000
-0.995702 -0.129259 0.000000
-0.257245 -0.543005 1.000000
-0.560192 -0.761717 0.000000
-0.285034 -0.932574 0.000000
0.812127 0.609497 0.000000
-0.383659 0.642219 1.000000
-0.323391 0.696342 1.000000
-0.295966 0.540468 1.000000
-0.100385 1.006448 0.000000
-0.747853 0.738707 0.000000
-0.840066 0.556823 0.000000
-0.702315 0.736475 0.000000
-0.741713 0.602614 0.000000
-0.660790 0.756375 0.000000
0.822159 -0.417904 0.000000
-0.297545 -0.666185 1.000000
0.455866 -0.859471 0.000000
-0.027368 0.725615 1.000000
0.225697 0.991222 0.000000
1.028714 0.293595 0.000000
0.708876 0.595669 0.000000
-0.610445 0.848967 0.000000
-0.423268 0.895587 0.000000
0.699817 0.241397 1.000000
-0.517428 0.873681 0.000000
0.957144 -0.371301 0.000000
-0.489844 -0.937922 0.000000
0.649129 0.258239 1.000000
-0.670785 0.196702 1.000000
0.334531 0.566196 1.000000
-0.158578 -1.085053 0.000000
0.646576 0.753411 0.000000
-0.276846 1.020011 0.000000
-0.718315 -0.736785 0.000000
-0.903754 -0.325955 0.000000
0.703404 -0.028594 1.000000
0.289817 -0.921385 0.000000
-0.772768 0.588251 0.000000
-0.469336 -0.913027 0.000000
-0.464733 -0.556310 1.000000
0.603789 -0.220069 1.000000
-0.665376 -0.308849 1.000000
0.199676 -0.737144 1.000000
0.623574 -0.444952 1.000000
0.442679 -0.362237 1.000000
-0.642705 0.460582 1.000000
0.503385 0.508106 1.000000
0.698172 -0.163490 1.000000
-0.650575 -0.770177 0.000000
0.098624 -0.998536 0.000000
0.491602 0.440469 1.000000
0.764540 0.594367 0.000000
-0.880261 -0.590731 0.000000
0.524075 0.544401 1.000000
1.011247 0.325908 0.000000
-0.280212 0.919975 0.000000
-0.822197 0.372562 0.000000
0.463728 -0.524221 1.000000
0.944781 0.160882 0.000000
0.016747 -0.706949 1.000000
-0.334224 0.688553 1.000000
-0.595497 -0.305167 1.000000
1.023731 0.098712 0.000000
0.516863 -0.743250 0.000000
-0.471405 0.481257 1.000000
0.478601 0.424202 1.000000
-0.245244 0.655455 1.000000
-0.956668 0.282048 0.000000
-0.149831 0.629948 1.000000
0.244774 0.713997 1.000000
0.701981 -0.027962 1.000000
-0.082785 0.734127 1.000000
-0.663594 -0.623169 0.000000
0.920192 -0.067454 0.000000
-0.654709 -0.149786 1.000000
0.828719 -0.541928 0.000000
0.354854 -0.594360 1.000000
-1.016353 -0.353783 0.000000
0.578858 0.258278 1.000000
-0.534033 -0.822555 0.000000
-0.407102 -0.543663 1.000000
-0.517762 0.539933 1.000000
-0.622893 0.060595 1.000000
0.711865 -0.011967 1.000000
0.985284 -0.058142 0.000000
0.412811 0.574939 1.000000
-0.115304 0.988929 0.000000
-0.621248 0.347220 1.000000
0.276992 -0.664466 1.000000
-0.682061 0.127590 1.000000
-0.709992 0.703932 0.000000
-0.305706 1.014921 0.000000
0.282989 0.617203 1.000000
0.666094 0.067777 1.000000
-0.884691 0.466276 0.000000
-0.676533 -0.223141 1.000000
0.567053 0.306257 1.000000
0.153145 1.059880 0.000000
-0.967575 0.534249 0.000000
-0.733253 -0.157255 1.000000
-0.933313 0.031925 0.000000
0.798617 -0.501077 0.000000
0.961643 -0.140235 0.000000
0.470181 -0.797544 0.000000
-0.919825 -0.361692 0.000000
0.679903 0.267922 1.000000
-0.828285 0.609476 0.000000
-0.950419 0.305877 0.000000
0.939950 -0.237807 0.000000
0.778338 0.678511 0.000000
0.006061 -0.706256 1.000000
0.683898 -0.232991 1.000000
-0.416065 0.916061 0.000000
0.730323 -0.199707 1.000000
0.931685 -0.159465 0.000000
0.669501 0.322144 1.000000
-0.267524 -0.619292 1.000000
0.837440 0.555296 0.000000
0.689279 0.701418 0.000000
0.008504 -0.680633 1.000000
0.717570 -0.187604 1.000000
0.404123 -0.833602 0.000000
0.402989 -0.458985 1.000000
0.704382 0.739444 0.000000
-0.862823 -0.450528 0.000000
-0.139372 0.672380 1.000000
0.608517 -0.334544 1.000000
0.903393 -0.167543 0.000000
0.881453 -0.292767 0.000000
0.588461 -0.023864 1.000000
0.743143 0.050220 1.000000
1.080850 -0.122473 0.000000
-0.371007 -0.605419 1.000000
0.290636 0.680433 1.000000
-0.712781 0.155350 1.000000
-0.949390 -0.306455 0.000000
-0.586629 0.465815 1.000000
0.963455 0.168177 0.000000
-0.932707 0.234948 0.000000
-0.855130 -0.760158 0.000000
-0.036372 1.064233 0.000000
0.343329 -0.697730 1.000000
-0.544534 0.954263 0.000000
0.864121 0.448587 0.000000
0.043593 0.987697 0.000000
0.478568 -0.534139 1.000000
-0.936802 -0.354640 0.000000
0.749416 -0.663123 0.000000
0.027433 -0.616336 1.000000
0.021625 0.652752 1.000000
-0.594115 0.184480 1.000000
-0.386030 0.968554 0.000000
0.424640 -0.537115 1.000000
-0.009692 0.697854 1.000000
-0.668004 -0.091241 1.000000
-0.725352 -0.058393 1.000000
0.550036 0.547918 1.000000
-0.263524 0.694008 1.000000
-0.982904 0.429359 0.000000
-0.116773 -0.712259 1.000000
0.926315 0.213142 0.000000
0.554334 -0.159098 1.000000
-0.515340 -0.513874 1.000000
0.981386 -0.336668 0.000000
-0.610609 0.433453 1.000000
0.513021 -0.843892 0.000000
1.035403 0.119570 0.000000
0.329467 0.966727 0.000000
-0.383264 0.609617 1.000000
-0.573557 0.377099 1.000000
-0.628008 -0.460502 1.000000
0.718694 0.738870 0.000000
-0.644297 -0.322444 1.000000
1.003017 -0.208416 0.000000
-0.622418 -0.824201 0.000000
0.487757 0.177632 1.000000
0.194311 0.648463 1.000000
-0.144373 -1.096832 0.000000
0.974337 0.187117 0.000000
0.677474 -0.246850 1.000000
0.270638 -0.725443 1.000000
-0.066801 -0.756415 1.000000
0.061471 -1.039094 0.000000
-0.624744 -0.352655 1.000000
-0.490504 0.430279 1.000000
-0.185927 -0.709398 1.000000
-0.090250 0.664928 1.000000
-0.019667 -1.036803 0.000000
0.696769 0.220554 1.000000
0.394354 0.910294 0.000000
-0.629191 -0.759065 0.000000
0.503272 -0.462706 1.000000
-0.023981 0.652282 1.000000
-0.277356 -0.700349 1.000000
0.316176 -0.899679 0.000000
-0.985081 -0.184505 0.000000
0.515510 0.440233 1.000000
-0.640400 -0.229967 1.000000
-0.684760 0.015272 1.000000
-0.348257 0.684563 1.000000
-0.809758 -0.615367 0.000000
-0.251967 0.649187 1.000000
-0.907191 -0.404595 0.000000
0.560824 0.870030 0.000000
-0.767583 0.238864 1.000000
-0.427131 -1.005121 0.000000
0.863998 0.527080 0.000000
-0.998788 0.465515 0.000000
0.966024 0.135366 0.000000
0.954216 0.047285 0.000000
0.890317 0.544088 0.000000
-0.899478 0.405477 0.000000
-0.705850 0.032800 1.000000
-0.006376 1.061623 0.000000
0.234237 0.793304 1.000000
-0.056192 -0.643616 1.000000
0.552999 0.715327 0.000000
0.390185 0.626650 1.000000
0.465394 -0.517764 1.000000
-0.817808 -0.560169 0.000000
-0.617812 0.359343 1.000000
0.478061 0.611621 1.000000
-0.174047 -0.638940 1.000000
-0.405521 0.617286 1.000000
0.440591 0.870421 0.000000
0.225356 -0.601169 1.000000
-0.994568 -0.181287 0.000000
0.891455 0.577787 0.000000
0.516887 -0.485760 1.000000
0.658663 0.291834 1.000000
0.340552 0.627755 1.000000
-0.761747 -0.628451 0.000000
0.675489 0.774269 0.000000
-0.148442 0.981926 0.000000
-0.488800 -0.871941 0.000000
0.984858 -0.025090 0.000000
0.947475 -0.529970 0.000000
0.623458 0.246764 1.000000
0.139572 0.684210 1.000000
-0.416425 -0.590921 1.000000
0.684339 -0.768417 0.000000
0.598376 0.869909 0.000000
-0.121761 -0.662675 1.000000
-0.673322 0.023882 1.000000
0.078982 0.635506 1.000000
0.286973 0.577313 1.000000
0.596475 0.396344 1.000000
-0.596337 -1.012694 0.000000
0.597860 -0.797618 0.000000
-0.688355 -0.203211 1.000000
-0.518889 0.848030 0.000000
0.241417 1.020873 0.000000
0.531464 0.893056 0.000000
0.651998 -0.699780 0.000000
-0.784161 -0.078176 1.000000
-0.201783 0.719967 1.000000
-0.684289 0.789258 0.000000
-0.250957 -0.706777 1.000000
0.942963 0.388401 0.000000
0.649429 -0.251387 1.000000
0.105950 -1.124483 0.000000
0.470128 -0.605940 1.000000
-0.562908 -0.487282 1.000000
-0.965596 0.303330 0.000000
0.698940 -0.106531 1.000000
0.037723 -1.052698 0.000000
0.564684 -0.346856 1.000000
0.223128 -0.694264 1.000000
0.046773 1.044023 0.000000
-0.255592 0.948794 0.000000
-0.116073 0.946240 0.000000
-0.959437 0.387161 0.000000
0.557849 -0.366361 1.000000
0.293843 -0.669952 1.000000
-0.373321 0.562922 1.000000
-0.621752 0.290242 1.000000
-0.368860 0.579427 1.000000
0.701530 -0.109264 1.000000
-0.108231 -0.726847 1.000000
-0.323866 -0.624355 1.000000
-0.227972 0.602704 1.000000
-0.117150 -0.795846 1.000000
-0.955695 0.487610 0.000000
-0.672438 -0.435766 1.000000
0.641956 0.402237 1.000000
-0.959967 0.357183 0.000000
0.447407 -0.794275 0.000000
-0.572822 -0.385793 1.000000
0.609733 0.817514 0.000000
-0.921148 0.093075 0.000000
-0.152497 -0.972167 0.000000
-0.383022 0.937581 0.000000
0.958804 -0.042451 0.000000
0.625058 0.290012 1.000000
-0.449740 -0.579062 1.000000
-0.059174 -1.029840 0.000000
-0.747248 0.097822 1.000000
0.506264 -0.901738 0.000000
0.709869 0.873298 0.000000
-0.048920 0.994405 0.000000
0.124893 0.711218 1.000000
-0.721921 0.230464 1.000000
0.491247 -0.495937 1.000000
0.984945 0.285447 0.000000
-0.880911 -0.528101 0.000000
-0.120077 -0.941997 0.000000
0.180436 -0.634972 1.000000
0.874092 0.236658 0.000000
0.431891 -0.548252 1.000000
-0.301504 -0.890014 0.000000
-0.777783 0.674126 0.000000
-0.009683 0.725671 1.000000
-0.630460 0.029814 1.000000
-0.845647 -0.700121 0.000000
1.004918 -0.048700 0.000000
0.029603 -0.726588 1.000000
-0.869779 0.363822 0.000000
0.428266 -0.519191 1.000000
0.201903 -0.716454 1.000000
0.647034 0.054842 1.000000
0.677216 -0.778684 0.000000
-0.563817 -0.283831 1.000000
0.674973 0.065583 1.000000
0.888928 -0.433637 0.000000
-0.418998 -0.641177 1.000000
-0.807456 -0.626673 0.000000
0.691910 -0.004250 1.000000
0.538495 -0.915734 0.000000
-0.437990 0.431180 1.000000
-0.146369 -0.736141 1.000000
-0.923541 -0.320918 0.000000
-0.568367 0.414767 1.000000
1.003676 0.405301 0.000000
-0.534695 -0.812473 0.000000
-0.526035 0.431986 1.000000
0.959086 0.147227 0.000000
0.463647 -0.844721 0.000000
0.678568 -0.076598 1.000000
-0.986465 -0.261556 0.000000
0.613872 -0.452664 1.000000
0.988232 -0.279554 0.000000
-0.359394 0.909535 0.000000
-0.494717 -0.890323 0.000000
-0.966322 0.203981 0.000000
