x1,x2,y
-0.821745,0.595576,0
0.883067,0.464999,0
0.08629,0.94497,0
-0.59348,0.105525,1.06535e+09
0.626364,0.331679,1.06535e+09
0.06675,0.751154,1.06535e+09
0.952205,0.186881,0
0.613102,0.09758,1.06535e+09
-0.595879,-0.880864,0
-0.980574,-0.178032,0
0.651297,-0.601125,0
0.366365,-0.936182,0
-0.651602,-0.289211,1.06535e+09
0.821267,-0.469163,0
-0.219818,-0.665154,1.06535e+09
1.04127,-0.173499,0
0.460945,-0.917436,0
-0.09511,0.693601,1.06535e+09
-1.06508,-0.233775,0
-0.675915,0.750065,0
-0.650785,-0.087814,1.06535e+09
-0.497369,0.892241,0
-0.299244,-0.766157,1.06535e+09
0.053013,-0.726384,1.06535e+09
0.72212,0.045809,1.06535e+09
0.318313,0.55967,1.06535e+09
-0.413378,-0.933229,0
0.665249,-0.748229,0
-0.117594,-0.7105,1.06535e+09
-0.930226,-0.426586,0
-0.233363,-0.994952,0
0.72033,0.78858,0
-0.736052,-0.572052,0
-0.193913,0.705706,1.06535e+09
0.625907,0.156,1.06535e+09
-0.36989,0.921975,0
1.06082,-0.054569,0
0.368009,0.530058,1.06535e+09
0.154061,-0.724978,1.06535e+09
-0.667429,0.80962,0
-0.552913,0.377077,1.06535e+09
0.675915,-0.116466,1.06535e+09
-0.76037,-0.156777,1.06535e+09
0.940215,0.245336,0
0.296924,0.557798,1.06535e+09
0.066884,-0.697091,1.06535e+09
0.323,-0.834241,0
0.630142,0.746476,0
-0.883138,-0.484767,0
-0.743618,0.039394,1.06535e+09
-0.288346,0.56569,1.06535e+09
-0.91825,-0.232017,0
0.425476,-0.46325,1.06535e+09
-0.00212,1.09595,0
0.283816,0.549147,1.06535e+09
0.69437,-0.742755,0
-0.065424,-0.697385,1.06535e+09
-0.621742,0.842321,0
0.840163,0.520724,0
0.253062,1.03288,0
-0.572454,-0.404251,1.06535e+09
-0.922823,0.234263,0
-0.84983,-0.448744,0
0.668803,-0.782927,0
-0.61131,0.433296,1.06535e+09
0.951553,0.051254,0
-0.713987,0.773362,0
-0.891436,-0.325387,0
0.720792,0.215897,1.06535e+09
-0.996338,0.163552,0
-0.910611,0.463646,0
0.291407,-0.744644,1.06535e+09
0.714069,0.034281,1.06535e+09
-0.923109,-0.287402,0
-0.83102,0.572079,0
-0.374677,-1.0393,0
0.610464,-0.482197,1.06535e+09
1.01995,0.017706,0
-0.733942,-0.111775,1.06535e+09
0.438882,-0.860516,0
-0.583556,0.422875,1.06535e+09
0.543879,0.361783,1.06535e+09
0.014689,1.07528,0
0.415896,0.929815,0
0.611354,-0.331566,1.06535e+09
-0.101238,-0.989982,0
0.969375,-0.007902,0
-1.0248,-0.040479,0
-0.194725,-0.71223,1.06535e+09
-0.615922,0.391453,1.06535e+09
0.773047,-0.111337,1.06535e+09
0.193458,-1.13406,0
0.5646,0.383981,1.06535e+09
-0.193397,-0.639412,1.06535e+09
0.712332,-0.30261,1.06535e+09
-0.507498,-0.916084,0
-0.674617,0.039737,1.06535e+09
-1.04971,-0.018004,0
0.643776,-0.036242,1.06535e+09
0.987154,0.141559,0
0.680829,0.15291,1.06535e+09
0.07452,1.09804,0
-0.988505,-0.28435,0
-0.336287,-0.959383,0
-0.685069,-0.292097,1.06535e+09
-0.964574,0.19399,0
-0.657403,-0.063628,1.06535e+09
-1.03841,-0.030458,0
-0.581228,0.349988,1.06535e+09
1.0383,-0.340944,0
-0.248998,0.630834,1.06535e+09
-0.635395,-0.783955,0
0.831176,0.466937,0
-0.968108,0.355154,0
-0.184166,-0.621645,1.06535e+09
-0.207053,0.69209,1.06535e+09
0.636236,0.288356,1.06535e+09
0.147206,-0.99923,0
0.297724,0.667765,1.06535e+09
0.588028,0.345473,1.06535e+09
-0.584343,-0.834711,0
0.826041,-0.561387,0
0.683897,0.154896,1.06535e+09
-0.953819,-0.453605,0
-0.946374,0.205843,0
-0.28296,0.584862,1.06535e+09
0.652709,0.241297,1.06535e+09
0.557543,-0.293168,1.06535e+09
-0.746917,-0.221715,1.06535e+09
0.874317,-0.403081,0
-0.246609,0.932981,0
0.276488,-0.593114,1.06535e+09
-0.097037,0.710432,1.06535e+09
0.469289,0.524927,1.06535e+09
0.544235,0.38161,1.06535e+09
0.016543,0.706711,1.06535e+09
-0.606107,0.19206,1.06535e+09
-0.762542,0.724281,0
0.45767,-0.686804,1.06535e+09
-0.651367,-0.696018,0
0.690589,-0.025561,1.06535e+09
0.001312,0.679618,1.06535e+09
0.389692,-0.492887,1.06535e+09
0.00663,1.02637,0
0.621045,0.148966,1.06535e+09
-0.766472,-0.634376,0
-0.767314,-0.003735,1.06535e+09
0.283534,0.630714,1.06535e+09
0.519712,-0.934725,0
0.451768,-0.538864,1.06535e+09
-0.92557,-0.541723,0
0.494875,-0.420062,1.06535e+09
0.09422,-0.904382,0
-1.00927,-0.459569,0
-0.5854,0.39068,1.06535e+09
-0.566375,-0.401727,1.06535e+09
-0.611281,-0.76179,0
0.148288,0.665801,1.06535e+09
0.883555,0.46744,0
0.34876,-0.506888,1.06535e+09
0.525838,0.424353,1.06535e+09
0.490769,0.637473,1.06535e+09
0.33322,-0.997293,0
-0.732591,-0.149869,1.06535e+09
0.594873,-0.819755,0
-0.51936,-0.519507,1.06535e+09
-0.643807,-0.148873,1.06535e+09
-0.722719,0.059496,1.06535e+09
-1.08622,0.126605,0
-0.19739,0.639773,1.06535e+09
-0.963034,0.328675,0
-0.7016,-0.121827,1.06535e+09
0.1434,-1.02035,0
0.188993,0.653014,1.06535e+09
-0.551327,-0.524593,1.06535e+09
0.063303,-0.953722,0
-0.328777,-0.733936,1.06535e+09
-0.232041,-0.9929,0
0.681578,-0.181848,1.06535e+09
0.12776,0.759771,1.06535e+09
-0.745187,0.284556,1.06535e+09
-0.723253,0.366562,1.06535e+09
0.652776,-0.73424,0
-0.893039,-0.34461,0
-0.601634,-0.488957,1.06535e+09
0.727503,-0.818081,0
-0.90793,0.424266,0
0.622862,-0.587847,0
-0.754481,-0.111725,1.06535e+09
-0.6932,0.047416,1.06535e+09
-0.244914,-0.763143,1.06535e+09
-0.683072,0.18863,1.06535e+09
-0.609678,-0.795397,0
-0.461438,0.639415,1.06535e+09
0.092971,-0.644561,1.06535e+09
0.305007,0.935997,0
-0.189853,0.619518,1.06535e+09
0.478144,0.604363,1.06535e+09
0.751497,0.034779,1.06535e+09
0.237491,-0.636347,1.06535e+09
0.36608,0.550855,1.06535e+09
-0.902605,-0.445634,0
-0.730917,0.071243,1.06535e+09
0.194838,1.07528,0
0.055597,1.09176,0
-0.839318,0.392735,0
-0.700219,0.121503,1.06535e+09
-0.497827,0.832994,0
0.611321,0.465651,1.06535e+09
0.277766,0.540905,1.06535e+09
0.351426,-0.518432,1.06535e+09
-0.181586,0.676521,1.06535e+09
0.156675,-0.943325,0
-0.118356,-0.676601,1.06535e+09
0.205784,0.726489,1.06535e+09
-0.720406,0.019927,1.06535e+09
0.683777,-0.61458,0
0.104606,1.00845,0
1.09598,0.22942,0
-0.656361,0.84321,0
-0.325825,-0.620549,1.06535e+09
0.632566,-0.047585,1.06535e+09
-0.717501,0.04388,1.06535e+09
-0.060892,-0.997249,0
0.791476,-0.58351,0
1.04744,-0.004195,0
-0.789314,0.704384,0
-0.895841,0.382659,0
-0.585281,-0.416286,1.06535e+09
0.894832,-0.31037,0
0.909179,-0.134894,0
-0.023216,0.732795,1.06535e+09
0.048512,-0.610261,1.06535e+09
-0.152002,0.983807,0
-0.937008,0.211204,0
0.374261,-0.63946,1.06535e+09
0.001066,-0.966801,0
0.238998,-1.03646,0
0.704971,-0.028096,1.06535e+09
-0.651607,-0.075586,1.06535e+09
0.654401,0.708154,0
0.243706,-1.04079,0
-0.755477,0.310019,1.06535e+09
0.449735,-0.594492,1.06535e+09
0.440197,0.612653,1.06535e+09
0.538837,0.440568,1.06535e+09
0.61484,-0.378022,1.06535e+09
-0.792985,-0.086459,1.06535e+09
-0.356697,-0.985506,0
-0.125161,1.04516,0
0.992165,-0.316039,0
0.640388,0.250029,1.06535e+09
0.588201,-0.953683,0
-0.710263,0.112258,1.06535e+09
0.8862,0.182846,0
-1.00019,0.009921,0
-0.71493,0.701217,0
0.239863,0.730758,1.06535e+09
-0.955112,0.078163,0
0.646879,-0.149546,1.06535e+09
-0.455897,-0.470987,1.06535e+09
-0.550496,-0.927913,0
-0.683178,-0.130458,1.06535e+09
-0.632076,-0.385156,1.06535e+09
-0.667514,-0.294651,1.06535e+09
-0.926145,0.022822,0
0.447809,0.58024,1.06535e+09
-0.920827,-0.093848,0
-0.059396,0.706922,1.06535e+09
0.657096,0.605834,0
-0.638473,-0.295721,1.06535e+09
-0.113128,0.968297,0
0.622759,-0.833251,0
0.609196,-0.068711,1.06535e+09
0.271505,0.595153,1.06535e+09
0.847541,0.439213,0
0.959341,0.197685,0
0.615289,-0.404103,1.06535e+09
0.027731,1.02826,0
0.012198,-0.66307,1.06535e+09
-0.655898,0.613011,0
0.673609,0.106207,1.06535e+09
0.592929,0.92047,0
0.186343,-0.755234,1.06535e+09
0.560367,-0.80468,0
0.005927,-1.02431,0
-0.041161,0.643303,1.06535e+09
0.192839,-0.718121,1.06535e+09
-0.525462,-0.388435,1.06535e+09
-0.389669,-0.551156,1.06535e+09
0.400733,0.89729,0
-0.349929,-0.584092,1.06535e+09
-0.054906,-0.916143,0
0.574893,0.946709,0
-0.435082,0.624395,1.06535e+09
-0.383866,0.546196,1.06535e+09
0.192573,0.593271,1.06535e+09
0.17741,0.682651,1.06535e+09
0.724924,-0.702463,0
0.668359,-0.542466,0
0.571721,0.488141,1.06535e+09
0.75522,0.510568,0
0.036918,0.746562,1.06535e+09
0.144973,-0.572847,1.06535e+09
-1.00706,0.384145,0
1.03971,-0.158342,0
0.986683,0.191948,0
-0.372741,0.510198,1.06535e+09
0.597215,-0.441602,1.06535e+09
-0.058572,0.597578,1.06535e+09
-0.308711,0.653188,1.06535e+09
0.515156,-0.518399,1.06535e+09
0.639992,-0.373815,1.06535e+09
0.256688,-0.970556,0
0.173454,-1.01172,0
-0.732079,0.630125,0
-0.656543,0.736076,0
-0.467033,0.956912,0
-1.05466,0.025571,0
0.100489,0.694238,1.06535e+09
-0.698901,-0.120614,1.06535e+09
-0.584477,-0.771263,0
-0.547971,0.537665,1.06535e+09
-0.276391,0.549212,1.06535e+09
-0.310942,0.685692,1.06535e+09
-1.04617,0.300925,0
-0.634521,0.827679,0
-0.688729,0.198317,1.06535e+09
0.247355,0.912411,0
-0.522629,0.895962,0
-0.031591,-0.755632,1.06535e+09
-0.463406,0.535224,1.06535e+09
0.089867,1.00803,0
-0.02843,0.950821,0
0.57774,0.418142,1.06535e+09
0.548034,0.496866,1.06535e+09
-0.979302,0.313451,0
0.12048,0.998073,0
0.897327,-0.568363,0
0.534709,-0.38461,1.06535e+09
0.25142,0.905946,0
0.640105,0.318721,1.06535e+09
-0.757166,-0.622357,0
0.66387,0.75462,0
-0.348398,-0.717003,1.06535e+09
0.516174,-0.406158,1.06535e+09
-0.680536,0.062581,1.06535e+09
0.512084,0.943835,0
-0.647083,0.054557,1.06535e+09
0.44159,0.471813,1.06535e+09
-0.31767,0.82974,0
-0.190942,0.644224,1.06535e+09
-0.019566,-0.694234,1.06535e+09
0.512056,0.33237,1.06535e+09
0.892904,0.578879,0
0.929142,0.00676,0
-0.362938,-0.544418,1.06535e+09
0.644718,0.557984,1.06535e+09
-0.128344,-0.657411,1.06535e+09
-0.520666,0.422094,1.06535e+09
-0.109028,0.956064,0
-0.383628,-0.83849,0
-0.368665,0.526851,1.06535e+09
0.367016,-0.576892,1.06535e+09
-0.441162,0.474543,1.06535e+09
0.802051,-0.073828,1.06535e+09
-0.413077,-0.41453,1.06535e+09
0.722697,0.222472,1.06535e+09
0.608228,-0.738285,0
-0.764602,0.746211,0
-0.296467,0.876048,0
0.09248,-0.785653,1.06535e+09
-0.50111,0.440214,1.06535e+09
-0.674057,0.12435,1.06535e+09
-0.933834,-0.429967,0
0.566165,-0.216432,1.06535e+09
-0.441058,0.5392,1.06535e+09
-0.441168,0.935066,0
-0.959974,0.317893,0
-0.751874,-0.548738,0
0.627218,-0.349535,1.06535e+09
-0.67194,0.785171,0
0.301853,-0.828139,0
0.458424,0.533965,1.06535e+09
-0.999169,0.002798,0
0.571594,-0.315982,1.06535e+09
-0.288056,0.644759,1.06535e+09
-0.743665,0.688314,0
-0.910006,-0.369533,0
0.881555,0.417689,0
0.194275,0.636684,1.06535e+09
-0.215454,-0.698673,1.06535e+09
-0.540267,0.474488,1.06535e+09
-0.759482,0.694058,0
-0.712011,0.207167,1.06535e+09
0.542324,-0.528134,1.06535e+09
-0.637834,-0.174456,1.06535e+09
0.397615,-0.918696,0
-0.35672,-0.902401,0
-0.703366,-0.17683,1.06535e+09
-0.195278,-1.00978,0
0.45776,-0.981378,0
0.128518,-0.974468,0
0.163999,-0.589102,1.06535e+09
0.627772,-0.045723,1.06535e+09
0.350457,-0.604122,1.06535e+09
0.581079,0.525258,1.06535e+09
-0.91204,0.45332,0
-0.65049,0.36555,1.06535e+09
0.12614,-0.677834,1.06535e+09
0.293762,-1.02067,0
-0.272481,0.934699,0
0.384598,0.897436,0
0.315511,0.702791,1.06535e+09
-0.192339,-1.03636,0
-0.234095,0.630369,1.06535e+09
-0.601724,0.38593,1.06535e+09
0.159727,-0.574428,1.06535e+09
1.01062,0.126945,0
0.726977,0.209919,1.06535e+09
-0.038426,0.655227,1.06535e+09
0.449831,-0.836406,0
0.341982,-0.892146,0
0.852926,-0.364279,0
-1.03354,0.148198,0
-0.73267,-0.128687,1.06535e+09
-0.406236,0.596496,1.06535e+09
0.349528,-0.97735,0
0.560699,0.781916,0
-0.569041,-0.692379,0
-0.686723,0.235535,1.06535e+09
-0.588444,-0.274279,1.06535e+09
1.02535,-0.349615,0
0.25084,-0.672018,1.06535e+09
0.027253,-0.737954,1.06535e+09
-0.933563,0.197815,0
0.20379,0.694703,1.06535e+09
0.989304,0.071722,0
0.214925,-0.60922,1.06535e+09
-0.885436,0.521211,0
-0.954545,0.400359,0
-0.609467,-0.830138,0
-0.039208,-0.742104,1.06535e+09
-0.95031,0.034684,0
-0.44384,0.810802,0
-0.738871,-0.672299,0
0.406271,-0.862098,0
-0.080572,0.635247,1.06535e+09
-0.906329,-0.378035,0
-0.542198,-0.432907,1.06535e+09
0.67241,-0.182971,1.06535e+09
0.356406,0.922514,0
0.977471,0.446699,0
-1.01445,-0.27903,0
-0.764439,0.010477,1.06535e+09
-0.744069,-0.729398,0
0.757629,-0.609945,0
-0.680101,-0.352609,1.06535e+09
0.181952,-0.684174,1.06535e+09
0.547965,0.425907,1.06535e+09
-0.719742,-0.348284,1.06535e+09
-0.641845,-0.282821,1.06535e+09
0.468913,-0.405652,1.06535e+09
0.508152,0.350664,1.06535e+09
-0.168495,-1.05793,0
-0.069658,-1.00364,0
0.075631,0.978777,0
0.593636,0.896034,0
0.728664,0.169623,1.06535e+09
0.640423,-0.676857,0
0.194954,0.667388,1.06535e+09
-0.746814,-0.073582,1.06535e+09
0.597789,0.313578,1.06535e+09
0.304897,-0.948751,0
0.719354,0.081405,1.06535e+09
-0.852624,-0.46052,0
-0.138344,-0.964622,0
0.659653,0.257479,1.06535e+09
-0.510046,-0.766936,0
-0.13332,1.06458,0
-0.63771,-0.158627,1.06535e+09
-0.32935,0.925889,0
-0.420547,-0.514437,1.06535e+09
0.752446,0.666107,0
-0.208622,-0.942749,0
0.022845,0.782069,1.06535e+09
0.598387,0.258415,1.06535e+09
-0.584973,0.317367,1.06535e+09
-0.592075,-0.440304,1.06535e+09
-1.04392,-0.167107,0
0.427662,-0.664734,1.06535e+09
-0.891073,-0.435933,0
0.371356,0.660184,1.06535e+09
0.54259,0.485086,1.06535e+09
-0.837134,0.619663,0
-0.927562,0.125676,0
0.691835,-0.131827,1.06535e+09
0.749215,-0.633798,0
-0.165919,-0.621295,1.06535e+09
0.698783,-0.20642,1.06535e+09
-0.343021,0.973445,0
0.656608,-0.207918,1.06535e+09
0.909153,-0.400152,0
0.943222,0.439211,0
1.01233,0.05988,0
-0.109362,1.009,0
0.376486,-0.557715,1.06535e+09
-0.742221,0.033406,1.06535e+09
-0.321328,-0.665836,1.06535e+09
0.976217,0.279021,0
0.919798,0.248641,0
-0.209593,0.560343,1.06535e+09
0.852433,-0.464289,0
-0.7156,0.156168,1.06535e+09
-0.207645,0.61236,1.06535e+09
0.643596,0.374643,1.06535e+09
0.596583,0.482809,1.06535e+09
0.392841,-0.538109,1.06535e+09
0.119791,-1.02291,0
-0.922611,0.380883,0
-0.736343,-0.562784,0
-1.04104,0.250584,0
-0.330172,-0.940678,0
0.93441,-0.33402,0
0.356519,0.698247,1.06535e+09
-0.709677,0.113153,1.06535e+09
-0.975239,-0.098015,0
0.923709,-0.279846,0
-0.262405,-0.613881,1.06535e+09
-0.848158,0.486524,0
0.602248,-0.239188,1.06535e+09
0.708508,-0.279727,1.06535e+09
0.462877,0.928431,0
-0.382024,-1.01349,0
-0.108835,0.645092,1.06535e+09
-0.985599,-0.086641,0
-0.911448,0.069693,0
-0.995726,-0.233791,0
0.301344,0.427311,1.06535e+09
0.558836,0.406299,1.06535e+09
-0.120057,-0.947776,0
0.950306,-0.286965,0
0.409245,0.633991,1.06535e+09
-0.659104,0.125825,1.06535e+09
-0.15356,-0.925795,0
-0.628011,-0.007774,1.06535e+09
-0.022686,1.00267,0
-0.544207,0.529851,1.06535e+09
0.715373,0.002338,1.06535e+09
-0.369936,0.489045,1.06535e+09
0.342362,0.618403,1.06535e+09
-0.402485,-0.624983,1.06535e+09
0.699457,-0.75941,0
0.703462,0.062174,1.06535e+09
0.615228,0.809044,0
0.12805,0.621947,1.06535e+09
0.355501,0.917978,0
-0.629935,0.708022,0
0.628684,0.317331,1.06535e+09
-0.730626,-0.68909,0
0.615333,-0.27149,1.06535e+09
-0.772947,0.008326,1.06535e+09
0.573376,-0.185286,1.06535e+09
0.713889,0.654401,0
0.392554,0.913695,0
-0.374058,-0.973477,0
-0.815313,-0.579776,0
0.708988,-0.551816,0
0.993891,-0.043992,0
0.998915,-0.23295,0
0.693808,-0.820651,0
-0.898683,0.409644,0
-1.13069,0.119608,0
0.251322,-0.96633,0
0.260974,0.996967,0
-0.081145,0.908353,0
-0.029092,0.639379,1.06535e+09
-0.883357,0.206754,0
-0.978608,0.099541,0
0.751107,-0.70747,0
0.04641,1.00042,0
0.596074,-0.231822,1.06535e+09
-0.472745,-0.585323,1.06535e+09
0.975183,0.016157,0
0.71816,-0.672586,0
0.953119,-0.241643,0
-1.00307,-0.083868,0
-0.175916,-0.990186,0
0.160721,-0.687124,1.06535e+09
0.730037,0.705927,0
0.678101,0.770102,0
-0.624887,0.314499,1.06535e+09
-1.05219,0.070731,0
-0.849998,-0.542167,0
0.558897,0.564123,1.06535e+09
-0.81931,-0.551733,0
-0.449479,-0.565471,1.06535e+09
-0.719916,0.645651,0
-1.08819,-0.02488,0
-0.447431,-0.903247,0
0.870799,-0.339746,0
1.01043,0.315482,0
0.62305,-0.312771,1.06535e+09
0.537064,-0.347805,1.06535e+09
-0.656716,0.277935,1.06535e+09
-0.068407,-0.697095,1.06535e+09
0.76631,0.135138,1.06535e+09
0.469337,0.485086,1.06535e+09
-0.949088,0.432252,0
-0.632871,-0.315338,1.06535e+09
-0.19782,1.00108,0
0.878293,0.408936,0
-0.541729,0.441264,1.06535e+09
-0.175003,-0.743565,1.06535e+09
-0.475237,-0.483686,1.06535e+09
-0.609925,-0.316705,1.06535e+09
0.308316,-0.536976,1.06535e+09
0.564806,-0.86423,0
0.341146,-0.961001,0
-0.553616,0.368059,1.06535e+09
0.556384,-0.801971,0
0.858608,-0.521944,0
0.703026,0.114185,1.06535e+09
0.232334,0.643275,1.06535e+09
-0.260459,0.645083,1.06535e+09
-0.559043,-0.573223,1.06535e+09
-0.996876,0.278703,0
-0.593095,-0.77044,0
0.974532,-0.325614,0
1.08869,0.027744,0
0.378416,0.646654,1.06535e+09
0.758741,-0.569203,0
-0.649276,-0.825791,0
-0.626262,-0.007131,1.06535e+09
-0.357254,0.915493,0
-0.655002,-0.148217,1.06535e+09
-0.437187,0.538521,1.06535e+09
-0.456662,-0.918056,0
-1.02601,-0.028419,0
1.06265,-0.062277,0
-0.411439,0.886414,0
0.159506,-0.922323,0
-0.925985,-0.320531,0
-0.994704,0.114713,0
0.538484,0.837141,0
-0.999213,-0.184951,0
0.602091,-0.201605,1.06535e+09
-0.878521,-0.464195,0
-0.508176,-0.610508,1.06535e+09
-0.706338,-0.679376,0
0.935763,-0.160613,0
-0.84959,0.570359,0
0.721437,-0.601936,0
0.117962,0.691892,1.06535e+09
0.505617,0.521859,1.06535e+09
0.902508,-0.272832,0
-0.308722,-0.565265,1.06535e+09
-0.860751,-0.345653,0
-0.146981,0.968635,0
-0.311289,-0.569918,1.06535e+09
0.666579,-0.40617,1.06535e+09
0.07164,0.669666,1.06535e+09
-0.647104,0.229401,1.06535e+09
0.061938,0.678602,1.06535e+09
0.093959,-0.657857,1.06535e+09
0.541182,0.275558,1.06535e+09
0.408571,0.950149,0
-0.698297,0.32013,1.06535e+09
0.319632,-0.991376,0
-0.442004,0.490037,1.06535e+09
0.504504,-0.50825,1.06535e+09
-0.408165,0.998587,0
-0.457274,-0.579627,1.06535e+09
-0.640442,-0.794991,0
0.023263,-0.983285,0
-0.725628,0.659909,0
0.625658,0.075901,1.06535e+09
0.344287,-0.597461,1.06535e+09
-0.54858,0.461151,1.06535e+09
-0.370735,-0.556066,1.06535e+09
-0.074651,-1.09399,0
0.072922,0.979582,0
-0.621812,0.704231,0
0.702906,-0.212294,1.06535e+09
-0.949702,-0.054255,0
-0.604925,0.400486,1.06535e+09
0.682644,0.651824,0
-0.971064,-0.004418,0
0.411306,0.548298,1.06535e+09
0.806914,0.413933,0
-0.096667,0.952869,0
0.125494,-0.887016,0
0.277778,-0.590524,1.06535e+09
-0.948774,-0.312728,0
-0.443989,0.823471,0
-0.391326,0.862657,0
-0.937544,-0.178356,0
-0.09781,-1.00467,0
-0.530036,-0.860652,0
0.061228,-0.724831,1.06535e+09
0.573132,0.454086,1.06535e+09
0.690555,-0.271222,1.06535e+09
-0.213691,-0.856614,0
0.676466,0.229262,1.06535e+09
0.135402,-0.725488,1.06535e+09
-0.003473,0.995453,0
0.592855,-0.103003,1.06535e+09
0.126875,0.954953,0
-0.700304,-0.681147,0
-0.800199,0.542303,0
0.51434,0.571122,1.06535e+09
-0.667792,-0.11541,1.06535e+09
0.156977,1.1076,0
-0.577623,-0.312211,1.06535e+09
-0.209172,-1.00281,0
0.937592,-0.075117,0
0.754049,0.594954,0
-0.106706,1.02829,0
0.550285,-0.412246,1.06535e+09
0.153465,-1.00158,0
-0.669989,-0.28058,1.06535e+09
-0.260618,0.647314,1.06535e+09
0.668047,-0.125354,1.06535e+09
-0.80439,-0.722872,0
0.750943,0.126919,1.06535e+09
-0.837289,-0.501915,0
-0.382567,-0.508436,1.06535e+09
0.854753,0.570898,0
0.676789,-0.659747,0
-0.40929,-0.50571,1.06535e+09
-1.06814,-0.343275,0
-0.410748,0.943074,0
-0.520147,-0.489504,1.06535e+09
-0.615564,-0.788139,0
0.657551,-0.048275,1.06535e+09
0.143399,0.945016,0
-0.910727,0.59174,0
0.98034,-0.146981,0
0.284849,0.954976,0
-0.532437,-0.53496,1.06535e+09
0.689661,-0.773835,0
-0.360453,-0.608924,1.06535e+09
0.294418,-0.957125,0
0.447813,0.923651,0
0.141414,0.71955,1.06535e+09
-0.488931,0.563382,1.06535e+09
-0.129992,-0.694462,1.06535e+09
-0.398182,0.557319,1.06535e+09
-1.00817,-0.239972,0
-0.984984,0.036679,0
0.069275,-0.997481,0
-0.794134,0.550062,0
-0.781504,-0.692038,0
-0.108051,0.78258,1.06535e+09
0.552375,-0.437355,1.06535e+09
-1.05011,0.208593,0
0.3272,-0.969247,0
-0.546922,-0.253801,1.06535e+09
-0.261577,0.946604,0
0.133667,-0.689321,1.06535e+09
0.528119,-0.874334,0
1.002,-0.115731,0
0.923113,-0.410537,0
0.648027,-0.733122,0
1.01779,-0.215218,0
0.796612,0.713295,0
0.629701,-0.18989,1.06535e+09
0.033783,1.00479,0
0.452812,0.59839,1.06535e+09
0.816941,-0.51264,0
0.852679,-0.420275,0
1.02438,0.094416,0
0.634765,0.05674,1.06535e+09
-0.159384,0.780254,1.06535e+09
-0.155958,0.686053,1.06535e+09
-0.743742,-0.103435,1.06535e+09
0.215893,1.00976,0
-0.660132,-0.101906,1.06535e+09
-0.35859,0.606714,1.06535e+09
-0.290603,-0.732203,1.06535e+09
-0.197248,0.914123,0
-0.966698,0.124864,0
-1.01712,-0.177032,0
0.793795,-0.679723,0
-0.560329,-0.414048,1.06535e+09
0.172587,0.64616,1.06535e+09
0.1673,-0.674362,1.06535e+09
0.86249,-0.636124,0
0.911681,-0.555144,0
0.086433,-1.06035,0
-0.48002,-0.426471,1.06535e+09
0.454124,0.569652,1.06535e+09
-0.586285,0.74299,0
-0.124486,0.767332,1.06535e+09
0.227479,1.01001,0
-0.555858,-0.780332,0
-0.164887,0.665553,1.06535e+09
0.799823,-0.154774,1.06535e+09
0.073857,0.860549,0
-0.352419,0.523183,1.06535e+09
-0.684595,-0.711604,0
0.610805,-0.073095,1.06535e+09
0.728377,-0.023627,1.06535e+09
-0.91546,0.326961,0
-0.457725,0.830995,0
-0.030889,-0.955414,0
0.678046,-0.175195,1.06535e+09
0.656434,0.253773,1.06535e+09
-0.039927,0.722865,1.06535e+09
0.955692,0.389725,0
-0.601057,-0.391242,1.06535e+09
0.936738,-0.287415,0
0.214481,0.584879,1.06535e+09
0.581022,0.401383,1.06535e+09
-0.53439,0.821196,0
-0.114344,0.988609,0
0.274014,0.973342,0
0.410889,0.889077,0
0.108263,-0.731357,1.06535e+09
-0.839702,0.324004,0
0.2581,-0.663719,1.06535e+09
-0.123192,-0.946199,0
-0.233532,-0.710987,1.06535e+09
-0.570604,-0.39763,1.06535e+09
0.726145,0.239046,1.06535e+09
-0.175568,0.586291,1.06535e+09
0.329688,-0.867092,0
0.55235,-0.521532,1.06535e+09
-0.638344,-0.73478,0
-1.07355,0.193063,0
-0.160616,-1.006,0
-0.632701,0.751217,0
-0.660052,0.745779,0
-0.674632,0.116438,1.06535e+09
0.709182,-0.595627,0
-0.725263,0.014819,1.06535e+09
-0.921502,0.036661,0
0.696624,-0.098182,1.06535e+09
-0.926713,-0.52866,0
0.864584,-0.406938,0
0.73202,0.221765,1.06535e+09
-0.320944,0.595956,1.06535e+09
0.747825,-0.855989,0
-0.712748,0.602116,0
0.55942,-0.378738,1.06535e+09
-0.110809,0.665138,1.06535e+09
-0.176098,-0.734673,1.06535e+09
-0.598888,0.885698,0
-0.40949,-0.500173,1.06535e+09
-0.589356,0.830565,0
1.02155,-0.237512,0
0.525336,0.330188,1.06535e+09
0.938758,-0.275549,0
-0.81846,-0.041663,1.06535e+09
-0.854107,-0.319378,0
-0.99781,-0.052064,0
0.462731,-0.495052,1.06535e+09
0.436955,0.532302,1.06535e+09
0.482814,-0.474753,1.06535e+09
-0.903023,0.365622,0
0.863801,0.514013,0
0.473174,-0.845947,0
0.309148,-0.579474,1.06535e+09
-0.444826,-0.56665,1.06535e+09
0.616431,0.267948,1.06535e+09
-0.056789,0.672259,1.06535e+09
-0.64199,-0.337002,1.06535e+09
1.00301,-0.19389,0
-0.650405,0.10914,1.06535e+09
0.907904,0.381447,0
0.276217,0.894793,0
-0.517285,0.418486,1.06535e+09
-0.133456,0.726029,1.06535e+09
-0.352939,0.524545,1.06535e+09
-0.911304,-0.049052,0
0.876369,-0.438353,0
-0.625052,0.802928,0
-0.895458,-0.332976,0
-0.344478,-0.625227,1.06535e+09
0.543966,0.512637,1.06535e+09
-0.320398,-1.0531,0
-0.405727,0.975588,0
-0.712091,0.661214,0
0.200721,-0.660169,1.06535e+09
-0.385496,-0.55265,1.06535e+09
-0.563196,-0.412315,1.06535e+09
-0.243262,0.665038,1.06535e+09
-0.15844,0.643212,1.06535e+09
-0.638515,-0.841045,0
0.053606,0.906043,0
0.1789,0.65892,1.06535e+09
-0.751471,-0.73064,0
-0.143462,-0.977269,0
-0.197947,0.935943,0
0.599066,-0.334527,1.06535e+09
-0.913027,0.571005,0
0.063631,0.782253,1.06535e+09
-0.613209,0.303518,1.06535e+09
-0.898042,0.264387,0
0.369076,-0.589571,1.06535e+09
-0.729355,-0.283252,1.06535e+09
-0.060424,1.08628,0
-0.617584,-0.417718,1.06535e+09
-0.504034,-0.432173,1.06535e+09
-0.211409,-0.673591,1.06535e+09
0.912521,0.580508,0
0.065636,0.73373,1.06535e+09
0.626993,0.828909,0
0.183595,-0.64912,1.06535e+09
0.371011,0.972379,0
-0.43622,-0.915483,0
1.01475,0.065596,0
0.707023,-0.15334,1.06535e+09
-0.646712,0.344483,1.06535e+09
-0.163986,0.636208,1.06535e+09
0.635043,0.619221,0
0.319114,-0.736155,1.06535e+09
-0.482582,0.709712,0
0.235738,-0.653454,1.06535e+09
-0.509535,0.498929,1.06535e+09
0.566562,0.710904,0
0.643373,0.263783,1.06535e+09
-0.111672,-0.70948,1.06535e+09
-0.121605,0.913334,0
0.631296,-0.355897,1.06535e+09
0.72243,0.682806,0
0.812227,0.575345,0
-0.664083,-0.192426,1.06535e+09
0.71814,-0.137441,1.06535e+09
0.672975,0.175758,1.06535e+09
-0.162185,0.95395,0
-0.217456,-0.999624,0
0.002054,-0.636782,1.06535e+09
-0.403037,0.850557,0
0.027427,0.977169,0
-0.120964,-0.668503,1.06535e+09
-0.663464,-0.024594,1.06535e+09
0.521437,0.89834,0
0.516238,0.958822,0
0.601843,-0.436616,1.06535e+09
-0.472691,0.44605,1.06535e+09
-0.357324,-1.00828,0
0.484374,-0.95602,0
0.498554,-0.301077,1.06535e+09
0.847167,-0.474685,0
0.514665,-0.788523,0
-0.072868,0.709631,1.06535e+09
-0.363814,0.90789,0
0.430375,0.469942,1.06535e+09
0.648173,0.327608,1.06535e+09
-0.921937,0.10055,0
0.187147,-0.707324,1.06535e+09
0.257247,-0.90632,0
0.919498,0.658688,0
-0.360334,-0.947776,0
-0.422951,-0.945748,0
-0.702376,0.682111,0
0.299215,-0.997041,0
-0.688303,0.624016,0
-0.62317,-0.221769,1.06535e+09
-0.735205,-0.137759,1.06535e+09
-0.894236,0.386056,0
-0.029517,-0.724677,1.06535e+09
-0.373058,-0.527707,1.06535e+09
0.19326,0.620538,1.06535e+09
-0.849408,-0.530189,0
-0.249378,1.03469,0
-0.945007,-0.11747,0
-0.143657,-0.651638,1.06535e+09
-0.63347,-0.399174,1.06535e+09
0.294303,-0.964635,0
-0.98314,0.043086,0
-0.201603,-0.693322,1.06535e+09
0.358093,0.843787,0
0.537966,0.330539,1.06535e+09
-0.281666,0.897985,0
-0.884131,-0.538693,0
-0.899955,0.538189,0
0.475313,-0.548715,1.06535e+09
-0.989056,0.218616,0
0.192558,0.686,1.06535e+09
0.97211,0.216654,0
-0.150156,-0.664071,1.06535e+09
-1.08458,0.177783,0
-0.30848,0.568968,1.06535e+09
0.520615,0.336166,1.06535e+09
0.79418,-0.530535,0
-0.126287,1.01366,0
-0.616688,-0.279813,1.06535e+09
-0.40373,0.568747,1.06535e+09
-0.635323,0.781943,0
0.093162,-0.664614,1.06535e+09
0.666163,0.769025,0
-0.516887,0.479861,1.06535e+09
-0.70476,-0.117956,1.06535e+09
-0.585575,-0.390031,1.06535e+09
0.441348,0.824237,0
0.660287,-0.812924,0
-0.396564,0.929573,0
0.404927,-0.53637,1.06535e+09
-0.653453,-0.731257,0
0.703432,-0.17952,1.06535e+09
-0.703637,-0.07314,1.06535e+09
0.181353,-0.761258,1.06535e+09
-0.414096,0.942129,0
-0.568311,0.384173,1.06535e+09
0.551412,-0.324035,1.06535e+09
-0.930308,-0.366537,0
0.551755,0.893641,0
-0.089238,1.00625,0
1.00426,0.079371,0
0.130906,0.592869,1.06535e+09
0.221446,-0.739218,1.06535e+09
-0.301212,-0.951337,0
-0.498597,-0.590051,1.06535e+09
0.222678,0.978931,0
-0.102125,-0.742092,1.06535e+09
0.632286,0.166405,1.06535e+09
0.764108,0.516186,0
-0.662638,-0.211851,1.06535e+09
-0.538482,-0.465768,1.06535e+09
-0.674442,0.280048,1.06535e+09
-0.799564,0.565772,0
0.366813,0.903881,0
0.110448,0.721372,1.06535e+09
-0.513874,-0.760204,0
-0.978634,-0.065603,0
-0.524051,-0.827097,0
-0.427656,-0.550944,1.06535e+09
0.642795,0.200696,1.06535e+09
0.30509,0.930836,0
0.619556,-0.818161,0
0.408333,-0.567439,1.06535e+09
0.574663,-0.250292,1.06535e+09
0.978249,0.224008,0
1.04469,0.044056,0
-0.986659,-0.105924,0
-0.488927,-0.796331,0
0.262145,0.709473,1.06535e+09
1.0248,-0.340719,0
-0.266296,1.0109,0
0.537318,0.372037,1.06535e+09
0.728556,-0.666654,0
-0.28525,-0.909696,0
-0.93344,-0.397392,0
0.453108,-0.890859,0
0.514178,0.895084,0
0.895403,0.29172,0
-0.758636,0.006904,1.06535e+09
-0.830606,-0.611157,0
-0.466196,0.444761,1.06535e+09
-0.234277,-0.73453,1.06535e+09
0.381535,-0.57105,1.06535e+09
0.70575,-0.698945,0
0.422581,0.985433,0
-0.539844,0.460439,1.06535e+09
0.04668,-0.978693,0
0.984088,0.018698,0
-0.358938,0.918766,0
0.315059,-0.923215,0
0.200473,-0.607607,1.06535e+09
0.49393,0.44183,1.06535e+09
-0.805558,0.243026,1.06535e+09
0.127053,0.913065,0
0.812078,0.485986,0
0.992235,0.359542,0
-0.65055,0.29575,1.06535e+09
-0.605816,-0.400618,1.06535e+09
0.024023,-0.766469,1.06535e+09
-0.094949,-0.617658,1.06535e+09
-0.464322,-0.969369,0
-0.848683,-0.525344,0
0.495311,-0.41818,1.06535e+09
0.807212,0.414058,0
0.543581,-0.452029,1.06535e+09
0.903254,-0.484467,0
1.0845,-0.047012,0
0.038399,-0.716318,1.06535e+09
0.909694,0.375535,0
-0.708696,-0.817252,0
0.916034,0.520431,0
-0.681416,0.194997,1.06535e+09
0.688198,-0.036185,1.06535e+09
0.820302,0.6188,0
0.886976,-0.613581,0
-0.288848,-0.952762,0
0.032099,0.696782,1.06535e+09
0.23517,0.590183,1.06535e+09
-0.948477,-0.128291,0
0.209973,0.60218,1.06535e+09
-0.002122,0.663059,1.06535e+09
-0.152095,0.684739,1.06535e+09
0.203805,-0.916277,0
0.57974,-0.369657,1.06535e+09
0.255895,-0.623884,1.06535e+09
0.036816,-0.741023,1.06535e+09
0.846884,0.627318,0
-0.624197,0.853248,0
-0.729566,0.239545,1.06535e+09
0.586975,0.419716,1.06535e+09
-0.269799,0.631675,1.06535e+09
-0.51415,0.547085,1.06535e+09
0.412731,0.503654,1.06535e+09
0.52099,-0.501538,1.06535e+09
0.618798,-0.106495,1.06535e+09
1.01385,0.066198,0
0.420564,-0.5834,1.06535e+09
0.45452,-0.88678,0
-0.97142,-0.253627,0
0.262715,-0.646876,1.06535e+09
-0.451886,0.508401,1.06535e+09
-0.226874,0.902531,0
-0.423363,0.928776,0
0.454168,0.502489,1.06535e+09
-0.589266,-0.462341,1.06535e+09
-0.014288,-1.04033,0
0.114304,0.619086,1.06535e+09
-0.697989,-0.390459,1.06535e+09
-0.227489,-0.598748,1.06535e+09
-0.665183,0.282853,1.06535e+09
-0.541524,-0.435529,1.06535e+09
0.401072,-0.919248,0
0.641727,0.221452,1.06535e+09
0.740599,0.00653,1.06535e+09
-0.196785,-0.70383,1.06535e+09
-0.800691,-0.607332,0
-0.46898,-0.851118,0
-0.43474,0.778789,0
0.802087,-0.648949,0
-0.176719,-0.698545,1.06535e+09
-0.08278,0.727221,1.06535e+09
0.073047,-0.68112,1.06535e+09
0.444175,0.920845,0
-1.05941,0.063097,0
0.777916,-0.673008,0
-0.336908,0.696807,1.06535e+09
-0.423211,0.592425,1.06535e+09
0.926066,0.379197,0
0.105801,1.00825,0
-0.815646,-0.392603,0
0.819576,0.427506,0
-0.685188,-0.731357,0
-0.656627,-0.086717,1.06535e+09
0.690395,0.858289,0
-0.312792,0.599831,1.06535e+09
0.064495,0.843589,0
0.053037,0.656131,1.06535e+09
0.217921,0.979631,0
-0.936306,-0.569353,0
-0.038645,-1.09915,0
0.212922,-0.601835,1.06535e+09
-0.432539,0.953628,0
-0.438318,-0.545964,1.06535e+09
0.233974,0.789078,1.06535e+09
-0.771368,0.369613,0
0.360107,0.579213,1.06535e+09
0.557559,-0.686459,0
0.444247,-0.548887,1.06535e+09
-0.299892,-0.883092,0
0.141888,0.694014,1.06535e+09
-1.01878,-0.051304,0
0.932029,-0.42028,0
-0.669814,-0.150129,1.06535e+09
0.531985,-0.534786,1.06535e+09
-0.566728,0.445867,1.06535e+09
0.322098,-0.598762,1.06535e+09
-0.920571,-0.412641,0
0.635645,0.118346,1.06535e+09
-0.312999,0.803789,0
-0.274515,-0.660818,1.06535e+09
-0.53767,-0.844984,0
-0.644426,0.234124,1.06535e+09
0.919318,-0.415955,0
-0.786948,0.114396,1.06535e+09
0.71834,0.034069,1.06535e+09
-0.566693,0.585877,1.06535e+09
0.906871,0.369484,0
-0.901594,-0.234191,0
0.942622,0.195402,0
-0.040043,0.630823,1.06535e+09
0.401119,-0.471536,1.06535e+09
-0.898231,-0.549753,0
0.716483,0.621119,0
0.655122,0.181245,1.06535e+09
0.146822,-0.674597,1.06535e+09
0.653701,-0.396265,1.06535e+09
0.64246,0.760634,0
-0.634059,0.177738,1.06535e+09
-0.668938,0.39328,1.06535e+09
-0.508884,0.552898,1.06535e+09
1.00408,0.180574,0
-0.62045,0.29044,1.06535e+09
0.479547,-0.545961,1.06535e+09
-0.112974,1.0125,0
-0.647729,0.335175,1.06535e+09
0.157572,0.640369,1.06535e+09
-0.41754,0.866327,0
0.899634,0.085292,0
0.612699,-0.343939,1.06535e+09
0.986955,0.317352,0
0.677731,-0.289834,1.06535e+09
0.828734,-0.404598,0
-0.625094,0.321947,1.06535e+09
0.611468,0.808639,0
0.307591,0.601942,1.06535e+09
-0.477133,0.398857,1.06535e+09
0.747608,0.164177,1.06535e+09
-0.531256,0.48091,1.06535e+09
-0.611037,-0.272768,1.06535e+09
-0.169126,-0.973952,0
0.240464,-1.02365,0
0.584428,0.7949,0
-0.015787,0.975212,0
0.65378,0.853599,0
0.631632,-0.303974,1.06535e+09
-0.163978,-0.654652,1.06535e+09
0.029922,0.687446,1.06535e+09
-0.325571,0.627421,1.06535e+09
0.993497,0.400123,0
-0.111732,-0.689147,1.06535e+09
-0.491669,0.897392,0
-0.63073,0.20625,1.06535e+09
0.663749,0.154512,1.06535e+09
0.506459,0.849812,0
-0.088405,-0.786702,1.06535e+09
-0.170562,1.02057,0
-0.506135,0.468884,1.06535e+09
0.557376,-0.479961,1.06535e+09
-1.00064,0.046235,0
0.912747,0.285722,0
-0.836106,-0.473949,0
0.722781,-0.249044,1.06535e+09
0.342994,0.59322,1.06535e+09
0.645065,0.805023,0
0.370813,-0.637978,1.06535e+09
-0.634781,0.159051,1.06535e+09
0.759646,-0.58815,0
0.595289,-0.39584,1.06535e+09
0.559678,0.502064,1.06535e+09
0.544769,0.888448,0
-0.294952,-0.651984,1.06535e+09
-0.901182,0.426341,0
0.324185,0.593445,1.06535e+09
-0.734035,0.115219,1.06535e+09
0.92521,-0.121156,0
0.455598,0.868275,0
-0.905024,0.570963,0
-0.441791,-0.899092,0
1.0457,-0.058649,0
0.561946,-0.518189,1.06535e+09
0.60605,-0.74888,0
0.918593,-0.319454,0
-0.892311,-0.452097,0
-0.682827,0.299483,1.06535e+09
-0.536946,0.043593,1.06535e+09
0.528463,0.925534,0
-0.677118,-0.089593,1.06535e+09
0.484489,0.817822,0
0.005912,-0.882989,0
-0.882825,0.493632,0
-0.618484,-0.333926,1.06535e+09
-0.296932,-0.89681,0
0.132346,1.02856,0
-0.875307,0.625206,0
0.357917,-0.635369,1.06535e+09
0.818879,0.575668,0
0.667326,0.177392,1.06535e+09
1.04822,-0.071702,0
0.351575,0.703474,1.06535e+09
-0.400038,-0.470882,1.06535e+09
0.720446,-0.164843,1.06535e+09
-0.468358,0.455106,1.06535e+09
-0.018106,-0.677291,1.06535e+09
0.617948,-0.298188,1.06535e+09
-0.788736,-0.707043,0
0.73831,0.604509,0
0.579655,-0.420733,1.06535e+09
-0.719226,-0.357407,1.06535e+09
0.96833,-0.006771,0
0.208395,-0.670809,1.06535e+09
-0.582845,-0.402982,1.06535e+09
-0.140976,0.689856,1.06535e+09
0.005151,0.684008,1.06535e+09
0.976531,-0.105755,0
0.112806,0.565591,1.06535e+09
-0.49745,-0.509468,1.06535e+09
0.743235,-0.159252,1.06535e+09
-0.05719,0.97107,0
-0.618399,0.848963,0
-0.94628,0.121862,0
-0.520157,0.90567,0
0.823115,-0.701994,0
0.192615,0.987322,0
-0.19528,-1.02549,0
-0.536158,0.564734,1.06535e+09
0.725986,0.781678,0
-0.375142,-0.62616,1.06535e+09
-0.137731,-1.06156,0
-0.675374,0.326235,1.06535e+09
0.426106,1.02417,0
0.8408,-0.555011,0
0.52033,-0.740511,0
0.039926,-0.995707,0
-0.20221,-0.999197,0
-0.654586,0.183957,1.06535e+09
0.310943,0.920174,0
-0.22536,0.971211,0
-0.772982,0.674765,0
-0.801365,0.652981,0
-0.977857,0.046459,0
0.159647,-0.975395,0
-0.424286,-0.559322,1.06535e+09
-0.515932,-0.832019,0
0.903796,-0.336608,0
-0.245495,0.64518,1.06535e+09
-0.504643,0.516789,1.06535e+09
0.584389,0.401447,1.06535e+09
0.418421,-0.470847,1.06535e+09
-0.289956,0.548966,1.06535e+09
-0.344427,-0.978017,0
0.830407,0.392498,0
-1.03095,-0.177445,0
-0.467372,0.902093,0
0.962821,-0.248243,0
0.134183,-0.966579,0
0.874021,0.343553,0
-0.092735,0.987689,0
-0.479161,-0.532549,1.06535e+09
0.710108,0.083325,1.06535e+09
0.281941,-0.964449,0
0.298674,-0.966676,0
-0.585496,-0.263766,1.06535e+09
-0.124933,-1.03306,0
0.929251,-0.440176,0
0.699091,-0.073715,1.06535e+09
-0.718155,0.144249,1.06535e+09
0.695959,0.42411,1.06535e+09
0.308931,-0.576598,1.06535e+09
-0.619534,-0.315785,1.06535e+09
1.01429,0.069704,0
-0.946555,-0.127762,0
0.048833,0.6542,1.06535e+09
0.263492,-0.62453,1.06535e+09
0.573519,0.882991,0
-0.895124,0.382219,0
-0.845849,0.557649,0
0.336972,0.51244,1.06535e+09
-0.317759,-0.984564,0
-0.841179,0.666359,0
-0.318295,-0.979248,0
-0.62896,-0.143579,1.06535e+09
-0.419764,0.580106,1.06535e+09
0.182874,1.04335,0
-0.828419,0.484061,0
0.738593,0.63481,0
-0.311757,0.617109,1.06535e+09
0.698458,-0.251261,1.06535e+09
0.053699,-0.709122,1.06535e+09
-0.08765,0.726223,1.06535e+09
-0.955638,-0.35653,0
-0.656066,0.066827,1.06535e+09
-0.466634,0.610978,1.06535e+09
-0.76039,-0.051175,1.06535e+09
0.505472,-0.931884,0
-0.431732,0.496593,1.06535e+09
0.875012,-0.535104,0
-0.518707,0.787503,0
0.706984,0.097386,1.06535e+09
0.53014,0.835323,0
-0.085256,0.640046,1.06535e+09
0.010045,-0.678356,1.06535e+09
-0.865848,-0.564304,0
-0.049455,0.68757,1.06535e+09
-0.676894,-0.666068,0
-0.724294,-0.256529,1.06535e+09
0.931585,0.344341,0
0.574554,0.510923,1.06535e+09
-1.1045,0.002773,0
0.957359,0.306567,0
-0.621679,0.686546,0
-0.844677,-0.452864,0
0.356994,-0.564116,1.06535e+09
-0.025557,-0.670727,1.06535e+09
0.347884,-0.954412,0
0.479295,0.996538,0
0.873619,0.593286,0
-0.891682,-0.20108,0
-0.304882,-0.684305,1.06535e+09
0.910209,-0.433262,0
-0.084143,0.6315,1.06535e+09
0.153278,0.634372,1.06535e+09
0.55195,0.76513,0
-0.444912,-0.613022,1.06535e+09
0.715493,-0.742606,0
0.043474,-0.675425,1.06535e+09
0.882736,0.29505,0
-0.17349,0.714405,1.06535e+09
0.238467,0.913639,0
0.39768,0.546714,1.06535e+09
0.873039,0.522264,0
-0.447371,0.956786,0
0.914526,-0.593087,0
-0.138535,-0.649109,1.06535e+09
-0.03003,-0.69381,1.06535e+09
0.475907,-0.529588,1.06535e+09
-0.906565,0.581129,0
-0.972243,-0.079609,0
-1.02312,-0.207341,0
0.160931,-0.67382,1.06535e+09
-0.56097,-0.783792,0
0.4272,0.569855,1.06535e+09
0.947775,0.504897,0
0.63847,0.347711,1.06535e+09
0.688718,0.212351,1.06535e+09
-0.194442,0.642417,1.06535e+09
-0.403553,-0.569076,1.06535e+09
-0.101077,-0.747769,1.06535e+09
0.958373,0.091199,0
0.872647,-0.524169,0
-1.08701,0.007014,0
-0.987894,-0.048829,0
-0.263651,-0.673051,1.06535e+09
0.955226,-0.19886,0
-0.879212,0.356983,0
0.25552,-0.944641,0
0.849652,0.253463,0
0.455545,0.776326,0
0.228443,0.638944,1.06535e+09
0.942766,0.345944,0
0.806786,0.393584,0
-0.500968,0.793604,0
-0.411494,-0.870595,0
0.609125,-0.181504,1.06535e+09
0.165865,-1.03892,0
0.452933,0.552282,1.06535e+09
-0.70742,-0.678254,0
0.15797,-0.717701,1.06535e+09
1.04605,-0.214807,0
-0.51034,-0.554881,1.06535e+09
0.718427,-0.560468,0
0.232249,-0.669141,1.06535e+09
0.9411,-0.395087,0
-0.343084,-0.550262,1.06535e+09
-0.363489,0.91152,0
-0.971781,0.31103,0
0.039393,-0.9941,0
0.114503,-0.630083,1.06535e+09
0.50199,-0.837057,0
0.320402,-0.640806,1.06535e+09
0.282674,0.944594,0
0.656272,0.397926,1.06535e+09
-0.498267,0.384257,1.06535e+09
-0.58482,0.281131,1.06535e+09
-0.581601,0.525484,1.06535e+09
0.384533,0.827153,0
-0.905568,-0.445109,0
0.866958,0.67601,0
-0.456301,0.586008,1.06535e+09
-0.467921,0.886443,0
-0.564834,-0.500327,1.06535e+09
-0.518717,-0.352955,1.06535e+09
0.652552,-0.109532,1.06535e+09
0.342918,0.664224,1.06535e+09
0.199947,0.735397,1.06535e+09
-0.73454,-0.154387,1.06535e+09
-0.673838,0.206847,1.06535e+09
0.433139,0.580498,1.06535e+09
-0.528561,0.344582,1.06535e+09
0.655928,-0.348432,1.06535e+09
-0.199301,0.599291,1.06535e+09
0.988195,0.10924,0
0.565573,0.357633,1.06535e+09
0.417168,-0.59407,1.06535e+09
-1.03462,0.225602,0
0.080154,-1.03248,0
-0.646206,-0.753755,0
0.402319,-0.827286,0
0.993932,0.453964,0
-0.402687,0.570349,1.06535e+09
-0.700212,-0.155551,1.06535e+09
0.683337,-0.181873,1.06535e+09
-0.611075,0.17566,1.06535e+09
-0.666082,0.248772,1.06535e+09
0.532332,0.454316,1.06535e+09
1.03251,-0.35101,0
-0.717807,-0.769543,0
-0.140043,-0.748001,1.06535e+09
1.00117,0.347136,0
-0.755958,0.080749,1.06535e+09
-0.642199,0.288576,1.06535e+09
0.937121,-0.671607,0
0.962535,-0.35025,0
-0.600908,-0.40182,1.06535e+09
0.352048,0.719477,1.06535e+09
-0.636169,-0.149562,1.06535e+09
0.224939,0.6722,1.06535e+09
-0.014723,0.664205,1.06535e+09
0.714335,-0.741204,0
0.724417,-0.005748,1.06535e+09
-0.425134,-0.470788,1.06535e+09
-0.969053,-0.221405,0
-0.688346,0.036873,1.06535e+09
0.72714,0.667493,0
-0.706202,0.018688,1.06535e+09
0.519792,0.432639,1.06535e+09
-0.912293,-0.49955,0
-0.739622,-0.773707,0
-0.662674,-0.74575,0
0.068111,-0.647502,1.06535e+09
-0.256209,0.902778,0
-0.752787,0.080602,1.06535e+09
-0.207776,-0.955952,0
-0.428452,-0.857869,0
0.695174,0.391065,1.06535e+09
-0.735756,0.069636,1.06535e+09
-0.737513,0.671955,0
0.004452,-0.795368,1.06535e+09
0.50577,-0.460573,1.06535e+09
0.138354,0.843203,0
-0.407044,-0.552008,1.06535e+09
0.543655,-0.887498,0
0.653395,0.228729,1.06535e+09
0.482344,0.527037,1.06535e+09
0.705894,0.686592,0
0.18023,-0.722993,1.06535e+09
-0.913502,0.481483,0
-0.465132,0.626883,1.06535e+09
0.545672,-0.812432,0
0.896137,-0.456878,0
0.10022,0.646497,1.06535e+09
-0.613879,0.480259,1.06535e+09
0.369724,0.946516,0
-0.497686,-0.5385,1.06535e+09
-0.740973,-0.737009,0
-0.794719,-0.17551,1.06535e+09
-0.469326,0.602056,1.06535e+09
0.955604,0.077867,0
0.480659,0.337461,1.06535e+09
0.188794,0.998121,0
-0.176786,0.717895,1.06535e+09
0.250388,-0.701729,1.06535e+09
0.49851,0.858108,0
-0.376851,-0.552165,1.06535e+09
0.58282,0.835048,0
0.948415,0.067094,0
0.325928,-0.59868,1.06535e+09
0.078416,0.734319,1.06535e+09
-0.219551,-0.968384,0
-0.089317,-1.00356,0
0.688854,0.061498,1.06535e+09
-0.708047,0.188542,1.06535e+09
-0.036506,0.6763,1.06535e+09
-0.617883,-0.317445,1.06535e+09
1.01823,0.053649,0
-0.68409,0.028216,1.06535e+09
0.927688,-0.380754,0
-0.411629,-0.514767,1.06535e+09
0.435456,0.508971,1.06535e+09
0.590081,-0.750421,0
-0.62506,0.356172,1.06535e+09
-0.53347,-0.483833,1.06535e+09
0.690016,0.202312,1.06535e+09
-0.459838,0.881598,0
-0.672371,0.649043,0
0.715202,0.043218,1.06535e+09
0.703432,-0.130062,1.06535e+09
0.169648,0.676828,1.06535e+09
-0.097909,-0.90608,0
0.078648,-0.919601,0
-0.024503,-0.962141,0
-0.203559,-0.571549,1.06535e+09
-0.640469,0.396238,1.06535e+09
0.36794,0.657809,1.06535e+09
0.651416,-0.297301,1.06535e+09
0.692008,-0.221014,1.06535e+09
0.131735,-0.89904,0
0.669343,-0.465863,1.06535e+09
0.794975,-0.558824,0
-0.722074,0.215326,1.06535e+09
0.600614,-0.727903,0
0.27131,-0.714971,1.06535e+09
-0.379981,-0.897544,0
-0.71647,-0.716422,0
-0.598395,0.933046,0
0.923623,-0.209669,0
-0.137804,-0.620845,1.06535e+09
-0.533576,-0.484379,1.06535e+09
0.617442,-0.325609,1.06535e+09
0.00583,-1.03546,0
0.520269,-0.899762,0
0.504014,-0.57281,1.06535e+09
-0.667033,0.74389,0
-0.076892,-0.709396,1.06535e+09
0.578794,0.257384,1.06535e+09
-0.400622,-0.611941,1.06535e+09
0.689994,-0.158541,1.06535e+09
-0.218663,-0.765908,1.06535e+09
0.563243,-0.539579,1.06535e+09
-0.563505,-0.406129,1.06535e+09
0.930647,-0.285105,0
0.427944,-0.893537,0
-0.504412,0.584607,1.06535e+09
-0.215731,-0.68828,1.06535e+09
-0.965606,-0.233562,0
-0.586044,-0.388742,1.06535e+09
0.614984,-0.083013,1.06535e+09
0.502469,-0.38936,1.06535e+09
0.447903,0.595516,1.06535e+09
0.226743,-0.867413,0
0.709475,-0.728991,0
0.612839,-0.49729,1.06535e+09
0.547301,-0.849886,0
-0.306786,-0.575888,1.06535e+09
-0.518386,0.5259,1.06535e+09
-1.0588,-0.003716,0
0.234905,-0.631957,1.06535e+09
1.07988,-0.206006,0
0.66612,-0.73023,0
0.74459,0.046923,1.06535e+09
0.74692,-0.63028,0
-0.547416,0.842112,0
0.027688,-0.687635,1.06535e+09
-0.750802,0.578528,0
0.479122,-0.471752,1.06535e+09
-0.740195,0.061178,1.06535e+09
0.478229,-0.366631,1.06535e+09
-0.183951,0.605953,1.06535e+09
0.319456,-0.798244,1.06535e+09
0.642507,0.834033,0
-0.62096,-0.27442,1.06535e+09
-0.747243,-0.557574,0
0.198533,1.10497,0
0.631779,-0.270402,1.06535e+09
-0.092005,-0.716984,1.06535e+09
-0.789794,0.553504,0
0.622099,-0.279164,1.06535e+09
-0.276991,0.977042,0
-0.151013,0.690052,1.06535e+09
0.416176,-0.594423,1.06535e+09
0.060029,0.885202,0
0.558839,0.460389,1.06535e+09
0.636581,0.307761,1.06535e+09
0.441489,0.464325,1.06535e+09
-0.885522,0.481576,0
0.721541,0.733807,0
-0.235138,-0.991572,0
0.79427,0.437654,0
0.45407,0.396006,1.06535e+09
1.00971,-0.134892,0
-0.593754,-0.83649,0
-0.6195,-0.315547,1.06535e+09
0.311741,0.890036,0
-0.849055,0.438418,0
0.47212,0.550768,1.06535e+09
0.552863,0.458723,1.06535e+09
-0.046891,0.652657,1.06535e+09
-0.995702,-0.129259,0
-0.257245,-0.543005,1.06535e+09
-0.560192,-0.761717,0
-0.285034,-0.932574,0
0.812127,0.609497,0
-0.383659,0.642219,1.06535e+09
-0.323391,0.696342,1.06535e+09
-0.295966,0.540468,1.06535e+09
-0.100385,1.00645,0
-0.747853,0.738707,0
-0.840066,0.556823,0
-0.702315,0.736475,0
-0.741713,0.602614,0
-0.66079,0.756375,0
0.822159,-0.417904,0
-0.297545,-0.666185,1.06535e+09
0.455866,-0.859471,0
-0.027368,0.725615,1.06535e+09
0.225697,0.991222,0
1.02871,0.293595,0
0.708876,0.595669,0
-0.610445,0.848967,0
-0.423268,0.895587,0
0.699817,0.241397,1.06535e+09
-0.517428,0.873681,0
0.957144,-0.371301,0
-0.489844,-0.937922,0
0.649129,0.258239,1.06535e+09
-0.670785,0.196702,1.06535e+09
0.334531,0.566196,1.06535e+09
-0.158578,-1.08505,0
0.646576,0.753411,0
-0.276846,1.02001,0
-0.718315,-0.736785,0
-0.903754,-0.325955,0
0.703404,-0.028594,1.06535e+09
0.289817,-0.921385,0
-0.772768,0.588251,0
-0.469336,-0.913027,0
-0.464733,-0.55631,1.06535e+09
0.603789,-0.220069,1.06535e+09
-0.665376,-0.308849,1.06535e+09
0.199676,-0.737144,1.06535e+09
0.623574,-0.444952,1.06535e+09
0.442679,-0.362237,1.06535e+09
-0.642705,0.460582,1.06535e+09
0.503385,0.508106,1.06535e+09
0.698172,-0.16349,1.06535e+09
-0.650575,-0.770177,0
0.098624,-0.998536,0
0.491602,0.440469,1.06535e+09
0.76454,0.594367,0
-0.880261,-0.590731,0
0.524075,0.544401,1.06535e+09
1.01125,0.325908,0
-0.280212,0.919975,0
-0.822197,0.372562,0
0.463728,-0.524221,1.06535e+09
0.944781,0.160882,0
0.016747,-0.706949,1.06535e+09
-0.334224,0.688553,1.06535e+09
-0.595497,-0.305167,1.06535e+09
1.02373,0.098712,0
0.516863,-0.74325,0
-0.471405,0.481257,1.06535e+09
0.478601,0.424202,1.06535e+09
-0.245244,0.655455,1.06535e+09
-0.956668,0.282048,0
-0.149831,0.629948,1.06535e+09
0.244774,0.713997,1.06535e+09
0.701981,-0.027962,1.06535e+09
-0.082785,0.734127,1.06535e+09
-0.663594,-0.623169,0
0.920192,-0.067454,0
-0.654709,-0.149786,1.06535e+09
0.828719,-0.541928,0
0.354854,-0.59436,1.06535e+09
-1.01635,-0.353783,0
0.578858,0.258278,1.06535e+09
-0.534033,-0.822555,0
-0.407102,-0.543663,1.06535e+09
-0.517762,0.539933,1.06535e+09
-0.622893,0.060595,1.06535e+09
0.711865,-0.011967,1.06535e+09
0.985284,-0.058142,0
0.412811,0.574939,1.06535e+09
-0.115304,0.988929,0
-0.621248,0.34722,1.06535e+09
0.276992,-0.664466,1.06535e+09
-0.682061,0.12759,1.06535e+09
-0.709992,0.703932,0
-0.305706,1.01492,0
0.282989,0.617203,1.06535e+09
0.666094,0.067777,1.06535e+09
-0.884691,0.466276,0
-0.676533,-0.223141,1.06535e+09
0.567053,0.306257,1.06535e+09
0.153145,1.05988,0
-0.967575,0.534249,0
-0.733253,-0.157255,1.06535e+09
-0.933313,0.031925,0
0.798617,-0.501077,0
0.961643,-0.140235,0
0.470181,-0.797544,0
-0.919825,-0.361692,0
0.679903,0.267922,1.06535e+09
-0.828285,0.609476,0
-0.950419,0.305877,0
0.93995,-0.237807,0
0.778338,0.678511,0
0.006061,-0.706256,1.06535e+09
0.683898,-0.232991,1.06535e+09
-0.416065,0.916061,0
0.730323,-0.199707,1.06535e+09
0.931685,-0.159465,0
0.669501,0.322144,1.06535e+09
-0.267524,-0.619292,1.06535e+09
0.83744,0.555296,0
0.689279,0.701418,0
0.008504,-0.680633,1.06535e+09
0.71757,-0.187604,1.06535e+09
0.404123,-0.833602,0
0.402989,-0.458985,1.06535e+09
0.704382,0.739444,0
-0.862823,-0.450528,0
-0.139372,0.67238,1.06535e+09
0.608517,-0.334544,1.06535e+09
0.903393,-0.167543,0
0.881453,-0.292767,0
0.588461,-0.023864,1.06535e+09
0.743143,0.05022,1.06535e+09
1.08085,-0.122473,0
-0.371007,-0.605419,1.06535e+09
0.290636,0.680433,1.06535e+09
-0.712781,0.15535,1.06535e+09
-0.94939,-0.306455,0
-0.586629,0.465815,1.06535e+09
0.963455,0.168177,0
-0.932707,0.234948,0
-0.85513,-0.760158,0
-0.036372,1.06423,0
0.343329,-0.69773,1.06535e+09
-0.544534,0.954263,0
0.864121,0.448587,0
0.043593,0.987697,0
0.478568,-0.534139,1.06535e+09
-0.936802,-0.35464,0
0.749416,-0.663123,0
0.027433,-0.616336,1.06535e+09
0.021625,0.652752,1.06535e+09
-0.594115,0.18448,1.06535e+09
-0.38603,0.968554,0
0.42464,-0.537115,1.06535e+09
-0.009692,0.697854,1.06535e+09
-0.668004,-0.091241,1.06535e+09
-0.725352,-0.058393,1.06535e+09
0.550036,0.547918,1.06535e+09
-0.263524,0.694008,1.06535e+09
-0.982904,0.429359,0
-0.116773,-0.712259,1.06535e+09
0.926315,0.213142,0
0.554334,-0.159098,1.06535e+09
-0.51534,-0.513874,1.06535e+09
0.981386,-0.336668,0
-0.610609,0.433453,1.06535e+09
0.513021,-0.843892,0
1.0354,0.11957,0
0.329467,0.966727,0
-0.383264,0.609617,1.06535e+09
-0.573557,0.377099,1.06535e+09
-0.628008,-0.460502,1.06535e+09
0.718694,0.73887,0
-0.644297,-0.322444,1.06535e+09
1.00302,-0.208416,0
-0.622418,-0.824201,0
0.487757,0.177632,1.06535e+09
0.194311,0.648463,1.06535e+09
-0.144373,-1.09683,0
0.974337,0.187117,0
0.677474,-0.24685,1.06535e+09
0.270638,-0.725443,1.06535e+09
-0.066801,-0.756415,1.06535e+09
0.061471,-1.03909,0
-0.624744,-0.352655,1.06535e+09
-0.490504,0.430279,1.06535e+09
-0.185927,-0.709398,1.06535e+09
-0.09025,0.664928,1.06535e+09
-0.019667,-1.0368,0
0.696769,0.220554,1.06535e+09
0.394354,0.910294,0
-0.629191,-0.759065,0
0.503272,-0.462706,1.06535e+09
-0.023981,0.652282,1.06535e+09
-0.277356,-0.700349,1.06535e+09
0.316176,-0.899679,0
-0.985081,-0.184505,0
0.51551,0.440233,1.06535e+09
-0.6404,-0.229967,1.06535e+09
-0.68476,0.015272,1.06535e+09
-0.348257,0.684563,1.06535e+09
-0.809758,-0.615367,0
-0.251967,0.649187,1.06535e+09
-0.907191,-0.404595,0
0.560824,0.87003,0
-0.767583,0.238864,1.06535e+09
-0.427131,-1.00512,0
0.863998,0.52708,0
-0.998788,0.465515,0
0.966024,0.135366,0
0.954216,0.047285,0
0.890317,0.544088,0
-0.899478,0.405477,0
-0.70585,0.0328,1.06535e+09
-0.006376,1.06162,0
0.234237,0.793304,0
-0.056192,-0.643616,1.06535e+09
0.552999,0.715327,0
0.390185,0.62665,1.06535e+09
0.465394,-0.517764,1.06535e+09
-0.817808,-0.560169,0
-0.617812,0.359343,1.06535e+09
0.478061,0.611621,1.06535e+09
-0.174047,-0.63894,1.06535e+09
-0.405521,0.617286,1.06535e+09
0.440591,0.870421,0
0.225356,-0.601169,1.06535e+09
-0.994568,-0.181287,0
0.891455,0.577787,0
0.516887,-0.48576,1.06535e+09
0.658663,0.291834,1.06535e+09
0.340552,0.627755,1.06535e+09
-0.761747,-0.628451,0
0.675489,0.774269,0
-0.148442,0.981926,0
-0.4888,-0.871941,0
0.984858,-0.02509,0
0.947475,-0.52997,0
0.623458,0.246764,1.06535e+09
0.139572,0.68421,1.06535e+09
-0.416425,-0.590921,1.06535e+09
0.684339,-0.768417,0
0.598376,0.869909,0
-0.121761,-0.662675,1.06535e+09
-0.673322,0.023882,1.06535e+09
0.078982,0.635506,1.06535e+09
0.286973,0.577313,1.06535e+09
0.596475,0.396344,1.06535e+09
-0.596337,-1.01269,0
0.59786,-0.797618,0
-0.688355,-0.203211,1.06535e+09
-0.518889,0.84803,0
0.241417,1.02087,0
0.531464,0.893056,0
0.651998,-0.69978,0
-0.784161,-0.078176,1.06535e+09
-0.201783,0.719967,1.06535e+09
-0.684289,0.789258,0
-0.250957,-0.706777,1.06535e+09
0.942963,0.388401,0
0.649429,-0.251387,1.06535e+09
0.10595,-1.12448,0
0.470128,-0.60594,1.06535e+09
-0.562908,-0.487282,1.06535e+09
-0.965596,0.30333,0
0.69894,-0.106531,1.06535e+09
0.037723,-1.0527,0
0.564684,-0.346856,1.06535e+09
0.223128,-0.694264,1.06535e+09
0.046773,1.04402,0
-0.255592,0.948794,0
-0.116073,0.94624,0
-0.959437,0.387161,0
0.557849,-0.366361,1.06535e+09
0.293843,-0.669952,1.06535e+09
-0.373321,0.562922,1.06535e+09
-0.621752,0.290242,1.06535e+09
-0.36886,0.579427,1.06535e+09
0.70153,-0.109264,1.06535e+09
-0.108231,-0.726847,1.06535e+09
-0.323866,-0.624355,1.06535e+09
-0.227972,0.602704,1.06535e+09
-0.11715,-0.795846,1.06535e+09
-0.955695,0.48761,0
-0.672438,-0.435766,1.06535e+09
0.641956,0.402237,1.06535e+09
-0.959967,0.357183,0
0.447407,-0.794275,0
-0.572822,-0.385793,1.06535e+09
0.609733,0.817514,0
-0.921148,0.093075,0
-0.152497,-0.972167,0
-0.383022,0.937581,0
0.958804,-0.042451,0
0.625058,0.290012,1.06535e+09
-0.44974,-0.579062,1.06535e+09
-0.059174,-1.02984,0
-0.747248,0.097822,1.06535e+09
0.506264,-0.901738,0
0.709869,0.873298,0
-0.04892,0.994405,0
0.124893,0.711218,1.06535e+09
-0.721921,0.230464,1.06535e+09
0.491247,-0.495937,1.06535e+09
0.984945,0.285447,0
-0.880911,-0.528101,0
-0.120077,-0.941997,0
0.180436,-0.634972,1.06535e+09
0.874092,0.236658,0
0.431891,-0.548252,1.06535e+09
-0.301504,-0.890014,0
-0.777783,0.674126,0
-0.009683,0.725671,1.06535e+09
-0.63046,0.029814,1.06535e+09
-0.845647,-0.700121,0
1.00492,-0.0487,0
0.029603,-0.726588,1.06535e+09
-0.869779,0.363822,0
0.428266,-0.519191,1.06535e+09
0.201903,-0.716454,1.06535e+09
0.647034,0.054842,1.06535e+09
0.677216,-0.778684,0
-0.563817,-0.283831,1.06535e+09
0.674973,0.065583,1.06535e+09
0.888928,-0.433637,0
-0.418998,-0.641177,1.06535e+09
-0.807456,-0.626673,0
0.69191,-0.00425,1.06535e+09
0.538495,-0.915734,0
-0.43799,0.43118,1.06535e+09
-0.146369,-0.736141,1.06535e+09
-0.923541,-0.320918,0
-0.568367,0.414767,1.06535e+09
1.00368,0.405301,0
-0.534695,-0.812473,0
-0.526035,0.431986,1.06535e+09
0.959086,0.147227,0
0.463647,-0.844721,0
0.678568,-0.076598,1.06535e+09
-0.986465,-0.261556,0
0.613872,-0.452664,1.06535e+09
0.988232,-0.279554,0
-0.359394,0.909535,0
-0.494717,-0.890323,0
-0.966322,0.203981,0
