x1,x2,y
-0.760075,0.815225,0
0.843372,0.52004,0
0.141104,0.684023,1.06535e+09
-0.122873,-0.022685,0
0.659874,0.362048,1.06535e+09
-0.276922,1.07311,0
0.862594,-0.09171,1.06535e+09
0.215093,0.081444,0
-1.16651,-0.903649,0
-1.00386,0.022526,0
0.11597,-0.347581,1.06535e+09
0.683012,-0.852193,1.06535e+09
-0.724241,-0.28495,0
0.739959,-0.083007,1.06535e+09
-0.112661,-0.705357,1.06535e+09
1.35473,-0.011681,0
0.166584,-1.23323,1.06535e+09
0.468983,0.81958,1.06535e+09
-1.42987,-0.775983,0
-0.678827,0.812825,0
-0.414652,-0.263242,0
-0.278608,1.14872,0
-0.305237,-1.43004,0
0.318077,-0.858302,1.06535e+09
0.84625,0.582331,0
0.281851,0.259711,1.06535e+09
-0.43702,-1.03592,1.06535e+09
0.389949,-1.02111,1.06535e+09
-0.006581,-0.833509,1.06535e+09
-1.00515,-0.544986,0
-0.586989,-1.03628,1.06535e+09
0.853715,1.12993,0
-0.604102,-0.197033,0
-0.293063,0.844194,0
0.344599,0.151053,1.06535e+09
-0.14746,0.98132,1.06535e+09
1.36578,-0.233174,0
0.168638,0.335919,0
0.13942,-0.939026,1.06535e+09
-0.793309,1.02526,0
-0.511994,0.169797,0
0.602089,-0.129566,1.06535e+09
-1.17772,-0.048964,1.06535e+09
0.75495,0.411982,1.06535e+09
0.076171,0.290371,0
0.467273,-0.683167,1.06535e+09
0.068202,-0.368218,1.06535e+09
0.450795,0.749153,1.06535e+09
-0.902243,-0.527412,0
-0.98407,-0.158635,0
0.108035,0.415658,0
-0.604049,-0.424357,0
0.189189,-0.198203,1.06535e+09
-0.169773,1.57816,0
0.05543,0.206861,0
0.979101,-0.603966,1.06535e+09
-0.304588,-0.685417,1.06535e+09
-0.495173,1.24172,0
0.786006,0.498469,1.06535e+09
0.458338,1.31096,1.06535e+09
-0.669182,-0.280331,0
-0.631485,0.437831,0
-0.548448,-0.620588,1.06535e+09
0.874361,-0.805248,1.06535e+09
-0.785496,0.614334,0
0.752778,-0.350295,1.06535e+09
-0.639077,1.21743,0
-0.603134,-0.377388,0
1.00292,0.192927,1.06535e+09
-1.03015,0.261257,0
-1.38197,-0.105986,1.06535e+09
0.793112,-1.10077,1.06535e+09
0.802084,-0.145582,1.06535e+09
-0.783372,-0.179328,0
-1.15366,0.221211,0
-0.732885,-1.4709,0
1.00852,-0.611765,1.06535e+09
1.12214,0.26329,0
-0.931248,-0.231982,0
0.647552,-0.574324,1.06535e+09
-0.709057,0.426998,0
0.261933,0.37016,1.06535e+09
0.339354,1.45798,0
0.480844,1.00268,1.06535e+09
0.601052,-0.303259,1.06535e+09
0.452606,-1.05355,1.06535e+09
0.819801,-0.235861,1.06535e+09
-1.16546,0.165076,0
-0.191881,-0.91235,1.06535e+09
-0.682934,0.567073,0
1.13856,-0.712003,0
-0.082704,-1.96147,0
0.676837,0.089888,1.06535e+09
-0.48296,-0.402653,1.06535e+09
1.08862,-0.365346,1.06535e+09
-0.663798,-1.09992,0
-0.548325,0.304393,0
-1.31248,-0.48466,0
0.369561,-0.43722,1.06535e+09
1.04334,-0.24136,1.06535e+09
0.684263,0.089713,1.06535e+09
0.604173,1.59072,0
-1.28215,0.134526,0
-0.413006,-1.02081,1.06535e+09
-0.774986,-0.691957,0
-0.901105,0.103903,0
-0.446145,-0.27183,0
-1.23401,-0.371201,0
-0.520493,0.243142,0
1.40287,-0.741459,0
-0.308408,0.491924,0
-0.898917,-0.640261,0
0.941969,-0.137303,1.06535e+09
-1.11498,0.407709,0
-0.023439,-0.401169,1.06535e+09
-0.457369,0.741697,0
0.539493,0.503268,1.06535e+09
0.287753,-1.03097,1.06535e+09
-0.014195,1.00525,1.06535e+09
0.351973,0.602539,1.06535e+09
-0.906972,-0.736878,0
1.24754,-0.014895,0
0.636765,0.447109,1.06535e+09
-1.09753,-0.822733,0
-0.876777,-0.159897,0
-0.307744,0.297031,0
0.678482,0.118553,1.06535e+09
0.475427,0.244507,1.06535e+09
-1.22729,-0.041851,1.06535e+09
0.657129,-0.432744,1.06535e+09
0.243559,0.904219,1.06535e+09
0.228658,-0.364266,1.06535e+09
-0.099957,0.795974,1.06535e+09
0.740738,0.330987,1.06535e+09
0.322106,0.395738,1.06535e+09
-0.164389,0.750207,0
-0.321797,0.029056,0
-1.08442,0.766004,0
1.13749,-1.01234,0
-0.485469,-0.531263,1.06535e+09
0.643534,-0.153365,1.06535e+09
0.09583,0.578811,1.06535e+09
-0.121123,-0.466947,1.06535e+09
-0.430763,1.18043,0
0.336231,0.023381,1.06535e+09
-0.706519,-0.667802,0
-1.17885,0.698107,0
0.331399,0.563472,1.06535e+09
0.876358,-1.13914,0
0.530849,-0.494819,1.06535e+09
-1.47172,-0.362474,1.06535e+09
0.358459,-0.189328,1.06535e+09
-0.061345,-0.465719,1.06535e+09
-1.5724,-0.543626,0
-0.931107,-0.019582,0
-0.729703,-0.145668,0
-0.85727,-0.435339,0
-0.357716,0.724655,0
1.02994,0.205551,0
0.445098,0.046693,1.06535e+09
0.389485,0.400943,1.06535e+09
0.92311,0.967653,0
0.36488,-1.25844,1.06535e+09
-1.01671,0.013732,0
0.604954,-0.891992,1.06535e+09
-0.364148,-0.954532,1.06535e+09
-0.534146,0.188322,0
-0.879406,-0.190543,0
-1.57404,0.008501,1.06535e+09
-0.593424,0.388881,0
-0.985595,0.546955,0
-0.734511,-0.314121,0
0.923227,-1.12252,0
0.434975,0.488594,1.06535e+09
-0.682572,-0.832969,0
-0.153238,-0.750826,1.06535e+09
-0.74579,-1.12569,0
-0.088038,-1.13049,1.06535e+09
0.673757,-0.327584,1.06535e+09
0.546795,1.06553,1.06535e+09
-1.3526,0.118367,1.06535e+09
-1.20128,0.649717,0
0.516888,-0.739161,1.06535e+09
-0.794774,-0.024413,0
-0.969922,-0.635689,0
0.91945,-1.28522,0
-0.822191,0.646701,0
-0.013382,-0.220524,1.06535e+09
-1.06661,-0.144563,0
-0.717141,-0.349726,0
-0.408858,-1.24343,1.06535e+09
-0.776596,0.029329,0
-0.952462,-0.56766,0
-0.83787,0.917215,0
0.075559,-0.400751,1.06535e+09
0.255108,0.870499,1.06535e+09
0.067133,0.431539,0
0.654869,0.915415,0
1.01071,0.098736,1.06535e+09
0.156982,-0.555831,1.06535e+09
0.086225,0.512847,0
-0.960596,-0.403851,0
-0.905449,0.054317,0
0.729773,1.47103,0
-0.541533,1.62775,0
-0.300418,0.751693,0
-0.811275,-0.141397,0
-0.25499,0.810322,0
1.02805,0.495854,0
0.33737,0.007662,1.06535e+09
-0.001695,-0.318311,1.06535e+09
-0.176571,0.680293,0
0.126862,-0.726519,1.06535e+09
-0.402655,-0.573138,1.06535e+09
0.216075,1.01044,1.06535e+09
-0.826859,-0.056294,0
0.250095,-0.500362,1.06535e+09
0.313685,1.06055,1.06535e+09
1.66444,0.439616,0
-0.751046,1.2067,0
-0.365983,-0.604768,1.06535e+09
0.296016,-0.219541,1.06535e+09
-0.8106,0.065464,0
-0.333934,-0.983596,1.06535e+09
0.741019,-0.511533,1.06535e+09
1.28503,0.037658,0
-0.76593,1.18665,0
-0.703399,0.513895,0
-0.533206,-0.659605,1.06535e+09
0.526075,-0.618769,1.06535e+09
0.494503,-0.182698,1.06535e+09
0.01459,0.900155,1.06535e+09
0.09326,-0.167163,1.06535e+09
-0.036899,0.980019,1.06535e+09
-0.729141,0.237911,0
0.314804,-0.917486,1.06535e+09
-0.087844,-0.801694,1.06535e+09
0.373954,-1.33242,0
0.734246,0.007277,1.06535e+09
-0.463664,0.159063,0
0.368725,0.735674,1.06535e+09
0.067278,-1.44327,0
-1.25494,0.633242,0
0.553232,-0.801412,1.06535e+09
0.104898,1.26402,1.06535e+09
0.607636,0.328819,1.06535e+09
0.794258,-0.30084,1.06535e+09
-1.25901,-0.430798,0
-0.565248,-1.16756,1.06535e+09
-0.093143,1.31442,0
1.19771,-0.351151,0
0.457823,0.608479,1.06535e+09
0.876652,-1.48371,0
-0.815604,0.060967,0
0.52459,-0.328022,1.06535e+09
-1.0091,-0.223069,0
-0.580872,0.853876,0
0.212306,1.10662,1.06535e+09
-0.735506,0.249137,0
0.443266,-0.241439,1.06535e+09
-0.355547,-0.259527,0
-0.839337,-1.21656,0
-0.629491,-0.322273,0
-0.837306,-0.435544,0
-0.828889,-0.297609,0
-0.559335,-0.020123,0
0.629608,0.649878,1.06535e+09
-0.550209,-0.061281,0
-0.312397,0.741806,0
-0.046398,0.620354,0
-0.488813,-0.734682,1.06535e+09
-0.333467,0.821719,0
0.900211,-0.881841,1.06535e+09
0.294147,0.564201,1.06535e+09
0.138802,0.404025,0
0.749893,0.144352,1.06535e+09
0.827821,0.341941,1.06535e+09
0.760386,-0.512238,1.06535e+09
0.448979,1.17755,1.06535e+09
-0.278077,-0.496089,1.06535e+09
-0.143576,0.418895,0
0.64621,-0.211853,1.06535e+09
1.25967,1.08214,0
-0.026051,-1.22368,1.06535e+09
0.898565,-0.477159,1.06535e+09
0.004148,-1.14598,1.06535e+09
-0.268956,0.359887,0
0.544453,-0.862752,1.06535e+09
-0.347288,-0.237942,0
-0.481227,-0.340063,0
-0.031853,1.01743,1.06535e+09
-0.394198,-0.448133,1.06535e+09
-0.549276,-0.501696,1.06535e+09
0.823482,1.42528,0
-0.46532,0.980825,0
-0.354133,0.370092,0
0.115792,0.217602,0
0.473543,0.646149,1.06535e+09
0.972877,-0.527211,1.06535e+09
0.13764,-0.091944,0
0.638046,0.818593,1.06535e+09
0.395916,0.25299,1.06535e+09
0.089589,0.981862,1.06535e+09
-0.336414,-0.151513,0
-1.31704,0.670431,0
1.25762,-0.510794,0
0.959523,0.525022,0
-0.342525,0.117884,0
0.81775,-0.504438,1.06535e+09
0.152608,0.121951,0
-0.322364,0.771209,0
0.876937,-0.399632,1.06535e+09
0.60218,-0.913663,1.06535e+09
0.665014,-0.900514,1.06535e+09
0.382901,-1.11376,1.06535e+09
-0.403503,0.766101,0
-0.77641,0.543939,0
-0.365944,1.37516,0
-1.33045,0.31048,0
0.142457,0.695851,1.06535e+09
-0.820372,0.210475,0
-0.392922,-0.715624,1.06535e+09
-0.924159,0.644696,0
-0.148252,0.137802,0
-0.415338,0.928779,0
-1.39746,0.714834,0
-0.8176,0.958239,0
-0.731662,0.362153,0
0.149622,0.65585,1.06535e+09
-0.273613,1.27601,0
0.096019,-1.04546,1.06535e+09
-0.56644,0.500584,0
-0.211923,1.10493,0
0.237371,0.721596,1.06535e+09
0.476472,0.689493,1.06535e+09
0.633935,0.699779,1.06535e+09
-1.12053,0.335622,0
0.158601,1.02038,1.06535e+09
1.09633,-0.83798,0
0.402771,-0.21499,1.06535e+09
0.083425,0.643065,1.06535e+09
0.532909,0.768216,1.06535e+09
-0.710533,-0.52288,0
0.771954,0.695254,0
-0.801955,-1.0478,0
0.189956,-0.487882,1.06535e+09
-0.616598,-0.10678,0
1.02926,1.09956,0
-0.398031,-0.002034,0
0.253627,0.279487,1.06535e+09
0.194408,0.441017,1.06535e+09
-0.148083,0.510517,0
0.2776,-0.687766,1.06535e+09
0.293372,-0.133535,1.06535e+09
1.03781,0.955156,0
0.575245,-0.022271,1.06535e+09
-0.510794,-0.188898,0
-0.082464,0.283366,0
0.332389,-0.622631,1.06535e+09
-0.216911,0.5835,0
0.128005,0.797945,1.06535e+09
-0.373849,-0.417579,1.06535e+09
-0.392629,0.171134,0
0.127099,-0.642772,1.06535e+09
-0.021586,0.532667,0
1.32225,-0.179325,0
-0.421212,0.344379,0
1.00749,0.25327,0
0.295938,-0.721001,1.06535e+09
-0.775399,1.24198,0
-0.565807,0.405654,0
0.444942,-1.21565,1.06535e+09
-0.578873,0.120203,0
-0.546828,0.614183,0
-0.931362,-0.79774,0
0.142772,-0.010154,0
-0.679054,0.34042,0
-0.748115,0.985008,0
-0.91693,0.663906,0
-0.46616,-0.3535,0
0.675291,-0.449747,1.06535e+09
-0.991988,0.741071,0
0.47661,-0.150214,1.06535e+09
0.184149,0.823955,1.06535e+09
-0.995015,0.016786,0
0.291318,-0.346239,1.06535e+09
-0.298063,0.674134,0
-0.774422,0.75322,0
-0.695138,-0.70202,0
0.985618,-0.039072,1.06535e+09
-0.102314,0.557856,0
-0.169424,-0.877194,1.06535e+09
-0.60172,0.548878,0
-0.933628,0.71878,0
-0.964343,0.098893,0
0.543184,-0.954811,1.06535e+09
-0.541433,0.159516,0
0.692002,-0.80777,1.06535e+09
-0.241424,-0.789017,1.06535e+09
-0.927113,0.1246,0
-0.482715,-1.10638,1.06535e+09
0.448662,-1.44759,0
0.082156,-0.894503,1.06535e+09
-0.201587,-0.24153,0
0.266911,-0.230354,1.06535e+09
0.692571,-0.421386,1.06535e+09
0.80375,0.903661,0
-1.03156,0.422021,0
-0.912968,0.373941,0
0.20932,-0.610097,1.06535e+09
0.337473,-1.3314,0
0.029212,0.89324,1.06535e+09
0.496211,0.72426,1.06535e+09
0.503048,1.00461,1.06535e+09
-0.371863,-1.27972,1.06535e+09
-0.055029,0.55286,0
-0.424975,0.865266,0
-0.144092,-0.124731,0
1.12526,-0.020502,0
0.988829,0.325354,0
-0.296527,0.431983,0
0.598555,-0.481011,1.06535e+09
0.596709,-0.569314,1.06535e+09
0.567028,-0.113794,1.06535e+09
-1.27839,0.014075,1.06535e+09
-0.985176,0.012828,0
-0.380165,0.747416,0
0.198274,-1.23872,1.06535e+09
0.605964,0.521102,1.06535e+09
-0.682272,0.033367,0
-0.953443,-0.07702,0
-0.318523,-0.255656,0
1.36856,-0.642508,0
-0.083928,-0.913588,1.06535e+09
-0.056247,-0.934629,1.06535e+09
-0.689942,0.249986,0
0.078634,0.860495,1.06535e+09
0.94066,0.21049,1.06535e+09
0.313083,-0.294295,1.06535e+09
-1.28608,0.16298,0
-1.18985,0.301725,0
-0.61715,-1.01087,1.06535e+09
-0.279229,-0.952901,1.06535e+09
-0.701957,0.176687,0
-0.309522,0.453358,0
-0.788385,-0.611056,0
0.365749,-0.622058,1.06535e+09
-0.571386,0.312587,0
-0.927304,-0.110931,0
-0.528571,-0.400521,0
0.805108,0.25172,1.06535e+09
0.444747,0.830678,1.06535e+09
1.23944,0.781299,0
-1.28521,-0.279227,1.06535e+09
-1.10899,0.457861,0
-0.841148,-0.930821,0
0.900928,-0.236934,1.06535e+09
-0.962086,-0.526689,0
0.414289,-0.671229,1.06535e+09
0.676999,0.2244,1.06535e+09
-1.15156,-0.599475,0
-0.647728,-0.286755,0
0.247084,-0.054075,1.06535e+09
0.352114,-0.127001,1.06535e+09
-0.012421,-1.44831,0
-0.135355,-1.02983,1.06535e+09
0.328138,0.874242,1.06535e+09
0.751397,1.2408,0
1.02349,-0.000889,1.06535e+09
0.329291,-0.503465,1.06535e+09
-0.015861,0.711243,1.06535e+09
-0.98116,-0.39751,0
0.563004,0.118785,1.06535e+09
0.165286,-0.977555,1.06535e+09
0.816743,0.42246,1.06535e+09
-0.689586,-0.437362,0
-0.17224,-0.831194,1.06535e+09
0.579085,0.631929,1.06535e+09
-0.624027,-0.235306,0
-0.235639,1.41943,0
-0.430818,-0.102667,0
-0.702247,0.720327,0
-0.875818,0.001399,0
0.74342,0.713712,0
0.143221,-0.855026,1.06535e+09
0.027131,1.19414,1.06535e+09
0.254893,0.489867,1.06535e+09
-0.615054,-0.063091,0
-1.01616,-0.229927,0
-1.29548,-0.438359,0
0.784326,-0.975809,1.06535e+09
-1.24668,0.246564,0
0.35274,1.00595,1.06535e+09
0.875705,0.344125,1.06535e+09
-0.719092,1.17277,0
-0.648144,-0.151975,0
0.678608,-0.352295,1.06535e+09
0.765585,-0.472729,1.06535e+09
-0.189152,-0.321926,1.06535e+09
0.825598,-0.28319,1.06535e+09
-0.602945,1.05711,0
0.597622,-0.207865,1.06535e+09
0.917496,-0.300482,1.06535e+09
1.12191,0.534838,0
1.0882,-0.017356,1.06535e+09
0.403863,1.16767,1.06535e+09
0.420807,-0.367809,1.06535e+09
-0.973276,0.573578,0
-0.417873,-0.83755,1.06535e+09
1.10202,0.129043,0
0.708647,0.127088,1.06535e+09
-0.302225,-0.00504,0
0.76368,-0.322096,1.06535e+09
-0.920568,0.002851,0
0.062987,0.428105,0
0.783971,0.581024,0
0.854879,0.699936,0
0.537684,-0.238681,1.06535e+09
0.248202,-1.15967,1.06535e+09
-1.06646,0.043383,0
-0.247664,-0.618477,1.06535e+09
-1.34695,0.504952,0
-0.22836,-0.961319,1.06535e+09
0.891507,-0.340024,1.06535e+09
0.850676,0.935262,0
-0.837625,-0.063107,0
-0.92861,0.287028,0
0.66962,-0.55772,1.06535e+09
0.169217,-0.648536,1.06535e+09
-0.677491,0.565624,0
0.367429,-0.126269,1.06535e+09
0.929213,-0.57591,1.06535e+09
0.705387,1.02005,0
-0.657705,-1.3556,0
-0.389365,0.380497,0
-0.942089,0.013209,0
-0.468786,0.449571,0
-1.1162,-0.220249,0
-0.473351,-0.0904,0
0.483185,0.434281,1.06535e+09
-0.000285,-0.738778,1.06535e+09
0.956356,-0.146859,1.06535e+09
0.275711,1.06558,1.06535e+09
-0.501225,0.18572,0
-0.077191,-0.626547,1.06535e+09
-0.26834,-0.090628,0
-0.073285,1.01639,1.06535e+09
-0.744159,0.751321,0
0.793344,0.101986,1.06535e+09
-0.14462,0.115691,0
0.465206,0.591893,1.06535e+09
-0.633263,-0.737304,0
1.15709,-0.586506,0
0.729127,0.131332,1.06535e+09
0.701845,0.84643,0
0.026276,0.311246,0
0.263209,0.870645,1.06535e+09
-0.311342,0.646587,0
0.759508,0.122342,1.06535e+09
-0.591945,-0.875373,1.06535e+09
0.515805,-0.15864,1.06535e+09
-1.14107,0.203845,0
0.132533,0.03239,0
0.574626,0.572978,1.06535e+09
0.254898,0.944751,1.06535e+09
-0.172473,-1.29033,1.06535e+09
-0.921924,-0.439004,0
0.01554,-0.658343,1.06535e+09
0.963447,-0.232538,1.06535e+09
1.15848,-0.123846,0
1.22392,-0.878822,0
-0.937064,0.187909,0
-1.80634,0.247106,1.06535e+09
0.386576,-0.925345,1.06535e+09
0.47513,1.10222,1.06535e+09
-0.518286,0.450219,0
-0.152564,0.336343,0
-0.434648,0.08858,0
-0.915109,-0.060574,0
0.926961,-0.753994,1.06535e+09
-0.129496,1.01918,1.06535e+09
0.314196,-0.122965,1.06535e+09
-0.489071,-0.91584,1.06535e+09
0.863033,-0.248358,1.06535e+09
0.41665,-0.897058,1.06535e+09
0.917244,-0.054903,1.06535e+09
-1.03037,-0.157908,0
-0.118591,-1.02968,1.06535e+09
0.265339,-0.693253,1.06535e+09
0.756957,0.789992,0
1.12968,0.575528,0
-0.651013,0.258964,0
-1.34872,-0.1711,1.06535e+09
-0.87835,-0.573868,0
1.34987,0.514907,0
-0.926887,-0.295752,0
-0.534367,-0.640815,1.06535e+09
-0.783964,0.338369,0
-1.53004,-0.055037,1.06535e+09
-0.386684,-0.978797,1.06535e+09
0.564441,-0.227097,1.06535e+09
1.28828,0.407686,0
0.919724,0.198374,1.06535e+09
0.221041,-0.286291,1.06535e+09
-0.647211,0.482026,0
-0.36646,-0.682844,1.06535e+09
1.12828,0.350354,0
0.619103,0.185901,1.06535e+09
-1.11832,0.578978,0
-0.830356,-0.035236,0
0.17784,1.19631,1.06535e+09
0.786551,0.239826,1.06535e+09
-0.639578,0.31654,0
-0.394186,-1.02338,1.06535e+09
-0.706245,-0.136576,0
-0.521308,-0.350578,0
0.10625,-0.187111,1.06535e+09
0.399312,-1.17755,1.06535e+09
0.44216,-1.03051,1.06535e+09
-0.569685,0.045845,0
0.580074,-0.641434,1.06535e+09
0.725491,-0.805906,1.06535e+09
0.738101,0.311969,1.06535e+09
0.396435,0.504826,1.06535e+09
-0.15258,0.667153,0
-1.02322,-0.828546,0
-1.14625,0.398362,0
0.021111,-1.13181,1.06535e+09
1.1117,-0.348965,1.06535e+09
1.53212,0.166463,0
0.376569,0.936618,1.06535e+09
0.582492,-0.375566,1.06535e+09
-0.906131,-0.946909,0
-0.273103,0.286594,0
0.126428,1.03793,1.06535e+09
-0.608178,0.213149,0
-0.530456,0.425639,0
-0.75423,-0.919566,0
-1.15763,-0.296165,0
1.39811,0.096877,0
-0.482897,0.729711,0
0.455227,-0.559181,1.06535e+09
-0.967139,0.062552,0
-1.02978,-0.093894,0
0.658706,0.735214,1.06535e+09
-1.05684,-0.327532,0
0.217104,-0.36053,1.06535e+09
-0.801917,-0.543256,0
-0.65314,-1.11166,0
-0.550463,-0.699594,1.06535e+09
0.691757,-0.088566,1.06535e+09
-0.96214,0.611737,0
0.705354,-0.166046,1.06535e+09
0.160252,0.694443,1.06535e+09
0.590121,0.625375,1.06535e+09
0.7323,0.115679,1.06535e+09
-0.322426,-0.24367,0
-0.504149,-0.262541,0
0.055018,0.900374,1.06535e+09
-0.143188,-0.373866,1.06535e+09
1.14229,-0.415516,1.06535e+09
0.078574,0.53567,0
-0.597054,0.170157,0
-0.197605,0.618214,0
0.146912,-0.472055,1.06535e+09
0.099171,0.123443,0
0.523505,1.08753,1.06535e+09
-0.960425,0.571236,0
0.34286,-1.20278,1.06535e+09
-0.630517,0.083034,0
0.50594,-0.621715,1.06535e+09
-0.235198,1.50832,0
-0.740132,-0.607932,0
-0.87837,-0.743405,0
-0.237056,-0.913915,1.06535e+09
-0.954,0.293175,0
0.27631,0.060409,1.06535e+09
0.341176,-0.539123,1.06535e+09
-0.512511,0.639151,0
-0.293652,-0.417119,1.06535e+09
-0.259456,-1.56752,0
0.186308,0.883808,1.06535e+09
-0.641574,0.293941,0
0.783616,-0.596344,1.06535e+09
-0.704524,-0.07431,0
-0.674401,0.52752,0
0.51618,0.420118,1.06535e+09
-0.829935,0.161945,0
0.219954,0.607063,1.06535e+09
0.778014,-0.429856,1.06535e+09
-0.078194,0.742459,1.06535e+09
-0.153064,-0.404872,1.06535e+09
0.753722,-0.164308,1.06535e+09
-0.977692,-0.21227,0
-0.422016,0.471618,0
0.224239,0.888308,1.06535e+09
-0.697039,-0.225968,0
-0.335641,-1.03431,1.06535e+09
-0.527658,-0.925524,1.06535e+09
-0.093104,-0.87941,1.06535e+09
0.770242,0.459821,1.06535e+09
0.794836,-0.608706,1.06535e+09
-0.069149,-0.289053,1.06535e+09
0.743952,0.252267,1.06535e+09
0.24318,-0.899525,1.06535e+09
0.167616,0.97627,1.06535e+09
0.151284,0.188345,0
-0.144778,0.812492,0
-0.644145,-0.573633,0
-0.481575,0.735705,0
0.787993,0.786855,0
-0.568746,-0.036625,0
0.65927,1.65361,0
-0.546464,0.057492,0
0.079476,-1.19822,1.06535e+09
0.630385,-0.230861,1.06535e+09
0.631981,0.43127,1.06535e+09
-0.107178,1.19821,0
0.633158,-0.208782,1.06535e+09
0.169664,-1.06621,1.06535e+09
-0.985186,0.060169,0
0.025258,0.765359,1.06535e+09
0.523814,-0.422743,1.06535e+09
-1.05508,-1.0543,0
1.13856,-0.193817,1.06535e+09
-0.785345,-0.358935,0
-0.18515,-0.258336,0
0.975538,0.641011,0
0.394456,-0.558714,1.06535e+09
0.125554,-0.670598,1.06535e+09
-1.61626,-0.634555,0
-0.307211,1.14777,0
-0.923961,-0.212409,0
-0.091841,-1.26057,1.06535e+09
0.447031,-0.179714,1.06535e+09
-0.291555,0.804605,0
-1.27672,0.818469,0
0.896246,-0.505254,1.06535e+09
0.314139,0.928385,1.06535e+09
-1.35651,-0.231278,1.06535e+09
0.926701,-0.810543,1.06535e+09
-0.195424,-0.758764,1.06535e+09
0.221422,-0.987469,1.06535e+09
1.1717,0.777008,0
0.020739,0.91659,1.06535e+09
-0.602544,0.769498,0
0.259695,-0.824749,1.06535e+09
-0.898863,0.177021,0
-1.27468,0.045375,1.06535e+09
-0.941845,-0.344205,0
0.227197,-0.98844,1.06535e+09
-0.338646,0.974619,0
-1.02275,-0.752461,0
-0.014084,1.25342,1.06535e+09
0.777965,-0.212234,1.06535e+09
-1.34008,0.624892,0
0.477995,-1.04116,1.06535e+09
-0.052176,-0.173263,0
-0.234953,0.861006,0
0.626149,-0.640344,1.06535e+09
0.898764,-0.790974,1.06535e+09
1.10058,0.242521,0
0.937516,-0.506352,1.06535e+09
0.330481,-0.885485,1.06535e+09
1.22715,-0.200595,0
1.09211,0.903104,0
0.449509,-0.057778,1.06535e+09
-0.142602,1.04068,1.06535e+09
0.860081,0.623469,0
0.856561,-0.136913,1.06535e+09
0.605405,-0.364369,1.06535e+09
1.1748,0.033441,0
0.366531,-0.293779,1.06535e+09
-0.539466,1.20644,0
-0.258325,0.682498,0
-0.969357,-0.400846,0
-0.069402,1.24841,0
-0.47246,-0.897006,1.06535e+09
-0.582198,0.511838,0
-0.115587,-1.29491,1.06535e+09
-0.03154,0.619248,0
-0.812124,0.403884,0
-1.23721,0.089756,0
0.950559,-0.843061,1.06535e+09
-0.543399,-0.409287,0
0.165109,0.486917,1.06535e+09
0.478013,-0.58589,1.06535e+09
0.839587,-1.32582,0
1.40661,-0.417412,0
0.361544,-1.36459,0
-0.169361,-0.344827,1.06535e+09
0.757452,0.523131,1.06535e+09
-0.094975,0.813098,1.06535e+09
-0.615001,1.10648,0
0.33556,1.16714,1.06535e+09
-0.498801,-0.564331,1.06535e+09
0.092236,0.664618,1.06535e+09
1.3739,-0.208126,0
-0.276912,0.215415,0
-0.564861,0.000856,0
-0.377864,-0.939564,1.06535e+09
0.207919,0.108949,0
0.872747,-0.009846,1.06535e+09
-0.665854,0.65756,0
-0.201141,0.682261,0
0.191298,-0.746689,1.06535e+09
0.62622,-0.416947,1.06535e+09
0.744182,0.092368,1.06535e+09
-0.437378,0.842786,0
1.23712,0.152773,0
-0.582611,-0.584772,1.06535e+09
0.983202,0.145307,1.06535e+09
-0.262766,0.371033,0
0.603766,0.422856,1.06535e+09
-0.448109,0.756783,0
0.065063,0.988396,1.06535e+09
0.522727,0.967416,1.06535e+09
0.830896,0.609145,0
0.058662,-0.938386,1.06535e+09
-0.377854,0.132649,0
-0.079427,-0.884004,1.06535e+09
-0.425199,-0.687062,1.06535e+09
-0.031385,-1.04511,1.06535e+09
-0.81283,-0.054737,0
1.08672,0.186833,0
-0.076942,0.156718,0
0.254912,-0.508884,1.06535e+09
0.688713,-0.814601,1.06535e+09
-0.740764,-0.477239,0
-1.56869,0.037024,1.06535e+09
-0.088578,-1.11317,1.06535e+09
-0.442777,0.798595,0
-0.895779,0.523901,0
-0.575393,0.259964,0
0.32365,-0.484465,1.06535e+09
-0.851576,0.088917,0
-0.538878,-0.093988,0
0.702106,-0.194097,1.06535e+09
-1.17875,-0.763193,0
0.611299,-0.427096,1.06535e+09
0.958302,0.653168,0
-0.317136,0.467258,0
1.59909,-1.05424,0
-0.403971,0.449847,0
0.437243,-0.34167,1.06535e+09
0.034132,0.561334,0
-0.50907,-0.951127,1.06535e+09
-0.578682,1.32522,0
-0.581545,-0.04589,0
-0.422196,1.07143,0
1.19083,-0.6429,0
0.185142,0.124339,0
0.858225,-0.168088,1.06535e+09
-1.41518,-0.07412,1.06535e+09
-0.389152,-0.311548,0
-1.02245,0.283104,0
0.36449,-0.434028,1.06535e+09
0.274329,0.597716,1.06535e+09
0.517047,-0.282123,1.06535e+09
-0.672655,0.618802,0
0.816496,0.64783,0
0.320927,-0.756066,1.06535e+09
0.364661,-0.309951,1.06535e+09
-0.225374,-0.894122,1.06535e+09
0.486445,0.217669,1.06535e+09
-0.099024,0.541909,0
-0.957157,-0.054721,0
1.07478,-0.41221,1.06535e+09
-0.432855,0.194365,0
0.77578,0.506625,1.06535e+09
0.444308,0.518124,1.06535e+09
-0.613336,0.051639,0
-0.427598,0.876122,0
-0.849668,-0.114981,0
-0.490015,0.176231,0
0.789008,-0.388204,1.06535e+09
-1.09775,0.579179,0
-0.647432,-0.363419,0
-0.266328,-0.750019,1.06535e+09
0.712407,0.679906,0
-0.467206,-1.53506,0
-0.68169,1.17078,0
-0.826977,0.344018,0
0.143703,-0.625585,1.06535e+09
-0.185218,-0.536937,1.06535e+09
-0.521987,-0.452384,1.06535e+09
-0.357117,0.668394,0
-0.187141,0.443562,0
-0.766555,-1.0955,0
0.447288,0.437835,1.06535e+09
0.288452,0.542675,1.06535e+09
-1.04056,-0.782296,0
-0.234105,-0.903043,1.06535e+09
-0.343518,0.687437,0
0.475873,-0.418193,1.06535e+09
-1.25652,0.746898,0
-0.035056,1.21843,1.06535e+09
-0.591232,0.173642,0
-0.578112,0.221565,0
0.320531,-0.594118,1.06535e+09
-1.36353,0.082133,1.06535e+09
0.076714,1.537,0
-0.967133,-0.326548,0
-0.179771,-0.55362,1.06535e+09
-0.655875,-0.595571,0
1.50517,0.443396,0
0.020679,0.922325,1.06535e+09
0.848506,0.909981,0
-0.02173,-0.579875,1.06535e+09
0.502849,1.1406,1.06535e+09
-0.60279,-0.916693,1.06535e+09
1.10782,-0.045678,1.06535e+09
0.796161,-0.307458,1.06535e+09
-0.676925,0.656724,0
-0.241891,0.396808,0
0.387521,0.070485,1.06535e+09
0.464369,-1.23156,1.06535e+09
-0.891978,1.38844,1.06535e+09
0.044618,-0.699914,1.06535e+09
-0.613633,0.487793,0
0.310075,0.333979,1.06535e+09
0.597992,0.314731,1.06535e+09
-0.1008,-0.803482,1.06535e+09
-0.009575,0.532123,0
0.905411,-0.149938,1.06535e+09
0.799044,0.561305,0
0.585728,0.879875,1.06535e+09
-0.722251,0.113409,0
0.848557,-0.298857,1.06535e+09
0.588096,0.463632,1.06535e+09
0.025441,0.824426,1.06535e+09
-0.214021,-1.11816,1.06535e+09
-0.141567,-0.324076,1.06535e+09
-0.606847,0.442984,0
0.195978,0.863112,1.06535e+09
-0.243516,-0.544404,1.06535e+09
-0.538725,0.486657,0
0.719855,1.00851,0
0.743911,1.34148,0
0.928335,-0.371814,1.06535e+09
-0.097778,0.496546,0
-0.59886,-1.29441,0
0.949375,-1.13496,0
0.266705,0.390459,1.06535e+09
0.671546,-0.494589,1.06535e+09
0.462118,-0.476168,1.06535e+09
0.001461,0.785384,1.06535e+09
-0.607953,0.701862,0
0.317553,0.151102,1.06535e+09
0.821965,0.279512,1.06535e+09
-0.556866,0.101494,0
0.295137,-0.843234,1.06535e+09
0.330483,-0.587284,1.06535e+09
1.66442,0.765009,0
-0.676794,-0.912331,0
-0.437277,-1.13706,1.06535e+09
-0.701005,0.534985,0
0.64334,-1.11676,1.06535e+09
-0.27725,0.556978,0
-0.581549,0.17948,0
-0.990793,-0.084528,0
-0.854744,0.159055,0
-0.001245,-0.852482,1.06535e+09
0.009534,-0.483514,1.06535e+09
0.078001,0.394531,0
-0.978782,-0.344786,0
-0.313773,1.34995,0
-0.722164,0.015235,0
-0.141425,-0.484797,1.06535e+09
-0.799474,-0.594507,0
0.401057,-0.977672,1.06535e+09
-0.918174,-0.180741,0
0.260683,-0.983738,1.06535e+09
0.191691,0.461563,1.06535e+09
0.308521,0.052474,1.06535e+09
-0.14491,0.63263,0
-0.985167,-0.71404,0
-1.24675,0.444755,0
0.866437,-0.409927,1.06535e+09
-1.00611,0.467526,0
0.2424,0.737163,1.06535e+09
0.933383,0.301371,1.06535e+09
0.096634,-0.629598,1.06535e+09
-1.57406,0.253514,1.06535e+09
0.005908,0.446936,0
0.216602,0.067928,1.06535e+09
0.51011,-0.557338,1.06535e+09
-0.131058,1.12137,1.06535e+09
-0.462361,-0.349654,0
-0.107791,0.787094,1.06535e+09
-0.898485,0.628187,0
-0.183055,-0.567243,1.06535e+09
0.643551,0.905439,0
-0.447057,0.597748,0
-0.799068,-0.008751,0
-0.721167,-0.229931,0
-0.057516,0.740697,1.06535e+09
0.678791,-1.10629,1.06535e+09
-0.451462,0.964075,0
0.082162,-0.622123,1.06535e+09
-0.567289,-0.678836,1.06535e+09
0.841759,-0.164173,1.06535e+09
-0.727416,-0.241022,0
0.432281,-1.12954,1.06535e+09
-0.158818,1.22661,0
-0.699108,0.091042,0
0.180029,-0.374867,1.06535e+09
-0.980689,-0.242351,0
0.526151,1.20886,1.06535e+09
0.060056,1.07308,1.06535e+09
1.04776,0.005682,1.06535e+09
-0.02093,0.151369,0
0.458261,-1.04527,1.06535e+09
-0.382175,-0.915413,1.06535e+09
-0.563796,-1.01922,1.06535e+09
0.031863,1.04668,1.06535e+09
-0.152275,-0.982975,1.06535e+09
0.364222,0.299442,1.06535e+09
0.379927,0.391512,1.06535e+09
-0.660984,-0.147804,0
-1.05114,-0.056243,0
-0.898736,0.150382,0
-0.733912,0.481177,0
0.418816,0.751638,1.06535e+09
0.028469,0.886175,1.06535e+09
-0.325017,-0.39083,1.06535e+09
-0.8722,-0.456447,0
-0.572109,-0.674951,1.06535e+09
-0.091061,-0.830789,1.06535e+09
0.39986,0.656653,1.06535e+09
0.166444,0.870063,1.06535e+09
0.702687,-0.919994,1.06535e+09
0.482706,-0.509849,1.06535e+09
0.43538,0.279893,1.06535e+09
0.936067,0.53086,0
1.26974,0.138687,0
-0.939283,-0.196287,0
-0.388355,-0.474274,1.06535e+09
0.470418,0.935004,1.06535e+09
1.42351,-0.409875,0
-0.476421,1.19278,0
0.189161,0.488576,1.06535e+09
0.880512,-0.420242,1.06535e+09
-0.46805,-0.615258,1.06535e+09
-1.06322,-0.283922,0
0.790727,-0.73179,1.06535e+09
0.759312,0.944345,0
0.647101,0.115877,1.06535e+09
-1.06949,0.392687,0
-0.957097,-0.702657,0
-0.230783,0.288732,0
-0.220077,-1.1141,1.06535e+09
0.267705,-0.569115,1.06535e+09
0.402034,-0.982407,1.06535e+09
0.636592,1.28721,0
-0.764188,0.287761,0
0.21725,-0.872552,1.06535e+09
0.912521,-0.170405,1.06535e+09
-0.519185,0.78728,0
0.137681,-0.856541,1.06535e+09
-0.10602,-0.399583,1.06535e+09
0.382281,0.287316,1.06535e+09
-1.53288,0.293288,0
-0.174589,0.566952,0
0.490935,0.507145,1.06535e+09
1.31619,0.287457,0
-0.649082,0.486066,0
-0.526419,-0.795177,1.06535e+09
0.341955,-1.10441,1.06535e+09
-0.240314,-0.221478,0
-0.829063,-1.21506,0
-0.956693,-0.341646,0
0.466087,-0.065503,1.06535e+09
0.492356,0.020714,1.06535e+09
0.429929,-0.654926,1.06535e+09
0.922495,-0.721224,1.06535e+09
1.50861,-0.156422,0
-0.055171,-0.809576,1.06535e+09
0.857005,0.296344,1.06535e+09
-1.11372,-1.0112,0
1.09962,0.741392,0
-0.682653,0.363617,0
0.640858,0.068458,1.06535e+09
0.89527,0.748514,0
1.11713,-0.975882,0
0.07829,-1.05622,1.06535e+09
0.016739,0.685114,1.06535e+09
-0.01925,0.346677,0
-0.734327,-0.111923,0
-0.270067,0.465159,0
-0.538521,0.518071,0
-0.06347,0.712992,0
0.040338,-0.639506,1.06535e+09
0.488469,-0.39858,1.06535e+09
-0.170005,-0.686883,1.06535e+09
0.154926,-0.946757,1.06535e+09
1.07347,0.774381,0
-0.806256,1.0744,0
-0.927638,0.846351,0
0.925754,0.170895,1.06535e+09
-0.727097,0.405543,0
-0.922389,0.530502,0
0.490945,0.13956,1.06535e+09
0.387571,-0.829469,1.06535e+09
0.219694,-0.419202,1.06535e+09
1.13077,-0.291761,1.06535e+09
0.483966,-0.655968,1.06535e+09
0.569839,-0.810008,1.06535e+09
-1.00161,-0.217553,0
0.349422,-0.60333,1.06535e+09
-0.463433,0.367683,0
-0.33193,0.522282,0
-0.583309,0.971495,0
0.579835,0.249389,1.06535e+09
-0.704036,-0.716795,0
0.071325,-1.24444,1.06535e+09
0.290826,0.236878,1.06535e+09
-1.13151,-0.63738,0
0.184719,-0.454242,1.06535e+09
-0.745043,0.388263,0
-0.317795,-0.700796,1.06535e+09
0.391899,-0.939281,1.06535e+09
0.549897,0.163845,1.06535e+09
0.949187,-0.158634,1.06535e+09
-0.015844,-0.92251,1.06535e+09
-0.740675,-0.73054,0
-0.684982,-0.582575,0
0.017431,0.417762,0
0.785981,-0.929412,1.06535e+09
-0.104979,-0.82417,1.06535e+09
-0.101683,0.885688,1.06535e+09
0.460271,-0.58679,1.06535e+09
0.536156,1.00093,1.06535e+09
-1.35684,0.441411,0
0.979933,-0.661382,1.06535e+09
-0.146053,1.2257,0
-0.814718,0.508904,0
0.980188,0.260651,0
-0.054143,1.0972,1.06535e+09
-0.453193,-0.057717,0
0.506,0.211515,1.06535e+09
-0.828198,-0.616886,0
-0.473144,-0.038035,0
1.00391,1.25742,0
-0.171376,0.542569,0
-0.146085,0.090032,0
-0.011156,0.452317,0
0.308977,0.978509,1.06535e+09
-1.3302,-0.843919,0
0.238672,-1.61708,0
0.279962,-0.256185,1.06535e+09
-0.580704,1.14556,0
-0.590491,-0.431355,0
0.683323,1.30944,0
-0.131182,0.0321,0
0.229881,0.556002,1.06535e+09
0.086184,-0.326946,1.06535e+09
0.790091,-0.338175,1.06535e+09
-0.076135,-0.604885,1.06535e+09
-0.125138,0.803058,0
-1.12687,0.06881,0
1.15149,-0.223783,1.06535e+09
-0.56913,-0.309855,0
0.552029,-0.910667,1.06535e+09
-0.46902,0.762824,0
-0.016475,-0.685488,1.06535e+09
-0.999291,-0.346951,0
0.367894,0.097495,1.06535e+09
-0.651122,1.54481,0
-0.297548,-0.735555,1.06535e+09
-0.735093,-0.734548,0
-0.83181,-0.338904,0
0.867026,-0.65511,1.06535e+09
-1.23936,0.335108,0
0.843423,0.686678,0
-0.703364,1.28428,0
0.827863,0.288986,1.06535e+09
-0.590946,-0.070633,0
0.750277,0.204663,1.06535e+09
0.045311,0.296608,0
0.125294,-0.174947,1.06535e+09
-1.118,-0.699432,0
0.808072,0.147033,1.06535e+09
0.524886,0.281109,1.06535e+09
-0.589368,-0.871388,1.06535e+09
0.844602,-0.710754,1.06535e+09
0.40919,0.940538,1.06535e+09
-0.534205,-0.181015,0
-1.07032,0.465755,0
-0.657392,0.766,0
1.18158,-0.160008,0
-0.484929,0.413415,0
0.646299,-0.578969,1.06535e+09
-0.363889,1.08489,0
-0.710181,0.540752,0
0.011275,0.469179,0
-0.124051,0.801382,0
0.504902,-0.517564,1.06535e+09
0.619778,-0.358258,1.06535e+09
1.23898,0.151442,0
0.780819,-0.532753,1.06535e+09
0.489199,-0.213797,1.06535e+09
-0.622119,0.362341,0
0.604274,0.901059,1.06535e+09
0.237018,0.503175,1.06535e+09
-0.194246,0.128446,0
1.06994,0.221559,0
-0.504808,0.637575,0
-0.567914,-0.00858,0
0.01456,-0.950808,1.06535e+09
0.352069,-1.26233,1.06535e+09
0.319449,0.916831,1.06535e+09
0.281913,0.865476,1.06535e+09
0.616118,1.37104,0
0.63232,-0.313745,1.06535e+09
-0.392951,-0.478158,1.06535e+09
0.377348,0.630273,1.06535e+09
-0.209778,0.729779,0
1.41045,0.328859,0
0.071632,-0.714441,1.06535e+09
-0.459087,1.049,0
-0.442355,0.197854,0
0.544487,0.271238,1.06535e+09
0.547827,0.763519,1.06535e+09
-0.004643,-1.25993,1.06535e+09
-0.33442,1.17109,0
-0.805827,0.116508,0
0.592244,-0.717257,1.06535e+09
-1.00475,0.183166,0
0.731002,0.139401,1.06535e+09
-0.519611,-0.658114,1.06535e+09
1.03622,-0.329396,1.06535e+09
0.108899,0.652235,1.06535e+09
0.756452,0.918182,0
0.655534,-0.69942,1.06535e+09
-0.460192,-0.064323,0
0.440214,-0.692555,1.06535e+09
0.604859,-0.518248,1.06535e+09
0.552582,0.919714,1.06535e+09
0.723406,1.02698,0
-0.379694,-0.699761,1.06535e+09
-0.769869,0.688252,0
0.278278,0.483064,1.06535e+09
-0.92912,0.274471,0
0.645807,0.24081,1.06535e+09
0.548007,0.712626,1.06535e+09
-1.14251,0.853581,0
-0.436954,-0.911345,1.06535e+09
1.27429,-0.383312,0
0.943887,-0.588051,1.06535e+09
0.722847,-0.429812,1.06535e+09
0.70142,-0.551963,1.06535e+09
-0.942408,-0.35906,0
-0.902543,0.366629,0
0.276598,0.151619,1.06535e+09
0.956987,1.07,0
-0.57438,-0.251989,0
0.636984,0.4519,1.06535e+09
0.161122,-0.299514,1.06535e+09
-0.930638,0.525544,0
-0.665263,-0.279013,0
-0.117495,-0.665908,1.06535e+09
0.292266,1.19659,1.06535e+09
-1.13418,0.914893,0
0.480669,-0.734609,1.06535e+09
0.79561,0.617662,0
0.718388,-0.141899,1.06535e+09
1.32126,0.134068,0
0.327803,1.20825,1.06535e+09
-0.036565,-0.243999,1.06535e+09
0.83103,-0.747348,1.06535e+09
0.008427,0.655635,1.06535e+09
0.133073,-0.572104,1.06535e+09
0.504345,-0.378956,1.06535e+09
-0.820464,-1.12832,0
0.763581,0.227285,1.06535e+09
0.633498,-0.484983,1.06535e+09
-1.23775,-0.477611,0
0.813536,0.147824,1.06535e+09
0.231745,-0.676361,1.06535e+09
-0.614705,-0.432451,0
-0.018112,0.738423,1.06535e+09
0.030909,0.604048,0
0.906878,0.054423,1.06535e+09
0.020999,-0.044462,0
-0.670106,-0.431422,0
1.02992,-0.256525,1.06535e+09
-0.123301,0.831253,1.06535e+09
-0.822528,1.01208,0
-0.81952,-0.451324,0
-0.823042,0.993335,0
0.987914,-1.14743,0
-0.118161,1.08892,1.06535e+09
-0.26565,-1.23571,1.06535e+09
-0.665559,0.992488,0
0.564108,1.4309,0
-0.48817,-0.733231,1.06535e+09
0.141359,-1.46388,0
-0.995823,0.252037,0
0.716013,1.4961,0
0.823158,-0.650934,1.06535e+09
0.631053,-0.10771,1.06535e+09
0.239556,-0.974239,1.06535e+09
-0.091904,-1.12255,1.06535e+09
-0.532071,0.254647,0
0.410479,0.737484,1.06535e+09
-0.384413,0.921813,0
-0.887339,0.742029,0
-0.915881,0.779427,0
-0.89564,-0.254301,0
-0.07143,-0.959463,1.06535e+09
-0.47072,-0.537357,1.06535e+09
-0.156664,-0.947028,1.06535e+09
0.718374,-0.325956,1.06535e+09
-0.184535,0.616863,0
-0.522079,0.657158,0
0.449918,0.703308,1.06535e+09
0.179485,-0.214285,1.06535e+09
-0.369926,0.072984,0
-0.701802,-1.05797,0
0.458304,0.226089,1.06535e+09
-1.26847,-0.158641,1.06535e+09
-0.760987,0.849101,0
0.926295,-0.276459,1.06535e+09
0.459801,-0.811409,1.06535e+09
0.539721,0.367626,1.06535e+09
-0.085869,0.948327,1.06535e+09
-0.415691,-0.704922,1.06535e+09
0.788244,0.061286,1.06535e+09
0.847476,-0.858473,1.06535e+09
0.855138,-0.888618,1.06535e+09
-0.266915,-0.27374,0
-0.247788,-1.22362,1.06535e+09
1.12048,-0.371106,1.06535e+09
0.712215,-0.091023,1.06535e+09
-0.875114,0.188073,0
1.24441,0.632281,0
-0.003206,-0.492715,1.06535e+09
-0.588759,-0.325367,0
1.0956,0.104272,0
-0.727023,-0.077618,0
-0.014484,0.438733,0
0.031298,-0.608937,1.06535e+09
0.709143,1.11031,0
-0.687997,0.540643,0
-1.03001,0.406968,0
0.202468,0.08467,0
-0.065932,-1.2585,1.06535e+09
-1.0963,0.933621,0
-0.127709,-1.20385,1.06535e+09
-0.310241,-0.357438,1.06535e+09
-0.479168,0.636207,0
-0.085248,1.40192,0
-0.715541,0.27849,0
0.786713,0.386127,1.06535e+09
-0.184404,0.635578,0
0.920595,-0.260126,1.06535e+09
0.300204,-0.754803,1.06535e+09
-0.065426,0.88776,1.06535e+09
-1.12047,-0.211258,0
-0.437503,0.313007,0
-0.620046,0.927501,0
-1.07069,-0.065338,0
0.460636,-1.30367,0
-0.325696,0.311008,0
1.07968,-0.452395,1.06535e+09
-0.275899,0.607357,0
0.781625,0.058529,1.06535e+09
0.344496,0.894276,1.06535e+09
0.101045,0.394299,0
-0.334724,-0.592496,1.06535e+09
-0.859732,-0.894896,0
-0.120876,0.629843,0
-0.661599,-0.330131,0
-1.12495,-0.169364,0
1.14883,-0.231854,1.06535e+09
1.01954,0.544459,0
-1.64366,-0.391315,1.06535e+09
0.885997,0.656908,0
-0.400015,0.38957,0
-0.717146,-0.253545,0
0.138452,-0.514864,1.06535e+09
0.350697,-0.560847,1.06535e+09
0.246683,-1.07759,1.06535e+09
0.412135,1.62831,0
1.3692,0.396868,0
-0.450815,-0.207929,0
-0.41912,-0.902488,1.06535e+09
1.15755,-0.054364,0
-0.394922,0.290725,0
-0.035662,0.439134,0
0.423839,0.509086,1.06535e+09
-0.163692,-1.23456,1.06535e+09
0.870223,-0.810794,1.06535e+09
-0.112295,-0.572499,1.06535e+09
0.461407,0.496444,1.06535e+09
-0.493422,0.829521,0
-0.173919,0.746343,0
0.54797,0.301805,1.06535e+09
1.13847,0.271425,0
-0.843605,1.09183,0
1.35176,-0.748106,0
-0.414371,-0.419563,1.06535e+09
-0.443821,-0.672802,1.06535e+09
0.658524,-0.452913,1.06535e+09
-1.23467,0.781166,0
-0.982827,0.73534,0
-1.26607,-0.122693,1.06535e+09
0.202082,-0.627213,1.06535e+09
-0.178701,-0.850185,1.06535e+09
0.23216,0.808337,1.06535e+09
1.03777,1.18876,0
0.7428,0.438801,1.06535e+09
0.707273,0.553585,1.06535e+09
-0.232497,0.481467,0
-0.601958,-0.424485,0
0.15704,-1.0709,1.06535e+09
0.766908,0.139241,1.06535e+09
1.15419,-0.257149,1.06535e+09
-1.5269,0.261927,0
-0.937231,0.020977,0
-0.273051,-0.79225,1.06535e+09
0.873196,-0.010663,1.06535e+09
-0.66191,0.213979,0
0.259264,-0.832838,1.06535e+09
0.271006,0.216569,1.06535e+09
0.134181,0.386566,0
0.310033,0.498234,1.06535e+09
0.962929,0.352449,0
0.277259,0.318258,1.06535e+09
-0.597042,0.380091,0
-0.199009,-0.76854,1.06535e+09
0.299922,-0.091457,1.06535e+09
0.02744,-1.32807,1.06535e+09
0.35393,0.732397,1.06535e+09
-0.535809,-0.716094,1.06535e+09
0.013663,-0.933175,1.06535e+09
1.41084,-0.136894,0
-0.54096,-0.9015,1.06535e+09
0.210799,-0.500649,1.06535e+09
0.311933,-0.686148,1.06535e+09
1.03324,-0.442601,1.06535e+09
-0.146125,-0.370227,1.06535e+09
-0.487242,0.764717,0
-1.11573,0.20208,0
0.330602,-0.965491,1.06535e+09
0.052796,-0.338442,1.06535e+09
0.332806,-0.800704,1.06535e+09
0.392506,-0.696915,1.06535e+09
0.150956,0.912284,1.06535e+09
0.81911,0.798591,0
-0.22406,0.16037,0
-0.40044,0.078254,0
-1.20819,0.498636,0
0.149918,0.452248,0
-1.0671,-0.234406,0
1.28979,0.94212,0
-0.439753,0.876168,0
-0.208439,1.04727,0
-0.692209,-0.770977,0
-0.02428,-0.470267,1.06535e+09
0.435262,-0.284055,1.06535e+09
0.294828,0.961611,1.06535e+09
0.436182,0.99667,1.06535e+09
-1.04015,0.029007,0
-0.688203,0.243513,0
0.284245,0.857599,1.06535e+09
-0.326936,0.028078,0
0.837256,-0.462566,1.06535e+09
-0.177178,0.247252,0
0.961114,0.091159,1.06535e+09
0.438288,0.270402,1.06535e+09
0.590631,-0.633071,1.06535e+09
-1.25542,0.664658,0
0.166973,-1.20475,1.06535e+09
-0.547178,-0.792823,1.06535e+09
0.370671,-0.400258,1.06535e+09
1.45292,0.566502,0
-0.219204,0.697477,0
-0.846445,0.06426,0
0.689175,-0.306291,1.06535e+09
-0.255604,0.269015,0
-0.635466,0.516164,0
0.349561,0.686479,1.06535e+09
1.40248,-0.680964,0
-1.09558,-0.784794,0
0.093899,-1.11497,1.06535e+09
1.20557,0.687861,0
-1.0441,0.242784,0
-0.695728,0.22136,0
1.35134,-1.43055,0
1.25107,0.027396,0
-0.69836,-0.461856,0
0.641991,1.14067,0
-0.383199,-0.219951,0
-0.060541,0.829858,1.06535e+09
-0.33005,0.493586,0
0.817741,-0.845678,1.06535e+09
0.846569,-0.056478,1.06535e+09
-0.138908,-0.28844,1.06535e+09
-0.921414,-0.299117,0
-0.640018,-0.042408,0
0.431397,0.915662,1.06535e+09
-0.744118,-0.107639,0
0.261566,0.574332,1.06535e+09
-1.21878,-0.371424,0
-1.13117,-0.891688,0
-0.740766,-0.662287,0
-0.030002,-0.412611,1.06535e+09
-0.112155,0.624061,0
-1.13222,-0.408087,0
0.027196,-0.900703,1.06535e+09
-0.328799,-0.678006,1.06535e+09
0.941691,0.996844,0
-0.917923,0.26393,0
-0.758804,0.631961,0
-0.061246,-1.27331,1.06535e+09
0.255655,-0.635681,1.06535e+09
-0.137622,0.153764,0
-0.160849,-0.657781,1.06535e+09
0.47755,-1.17201,1.06535e+09
0.578343,0.332728,1.06535e+09
0.434791,0.671848,1.06535e+09
0.722117,0.561871,1.06535e+09
0.041736,-0.995932,1.06535e+09
-1.13009,0.425264,0
-0.68054,0.96902,0
0.568424,-0.669869,1.06535e+09
1.01051,-0.305018,1.06535e+09
-0.011263,0.433004,0
-0.813439,0.878039,0
0.232603,1.09033,1.06535e+09
-0.419721,-0.851166,1.06535e+09
-0.955009,-0.842369,0
-1.37827,-0.182645,1.06535e+09
-0.279668,1.20044,0
0.739938,0.215978,1.06535e+09
-0.094524,0.186655,0
0.288596,1.06051,1.06535e+09
-9e-05,0.971941,1.06535e+09
0.695963,-0.804526,1.06535e+09
0.311929,0.927007,1.06535e+09
-0.239603,-0.455805,1.06535e+09
0.45727,1.04034,1.06535e+09
0.715734,-0.099244,1.06535e+09
0.155031,-0.59074,1.06535e+09
0.184928,0.917582,1.06535e+09
-0.165357,-0.94481,1.06535e+09
-0.127947,-1.03802,1.06535e+09
0.64307,0.105344,1.06535e+09
-0.912852,0.070631,0
0.000732,0.564708,0
-0.640227,-0.218534,0
1.11569,0.573114,0
-0.604609,0.147305,0
1.00267,-0.241278,1.06535e+09
-0.238788,-0.391806,1.06535e+09
0.520068,0.248341,1.06535e+09
0.377637,-0.63001,1.06535e+09
-0.704717,0.412486,0
-0.649432,-0.507082,0
0.785272,0.216302,1.06535e+09
-0.889233,0.652362,0
-0.454541,0.40343,0
0.837813,-0.309923,1.06535e+09
0.751017,-0.319897,1.06535e+09
0.126189,0.676464,1.06535e+09
-0.148196,-0.455811,1.06535e+09
0.220667,-0.523921,1.06535e+09
0.072824,-0.777678,1.06535e+09
-0.308407,-0.050458,0
-0.819084,0.614747,0
0.463993,0.912106,1.06535e+09
0.862851,-0.059261,1.06535e+09
0.779016,-0.39193,1.06535e+09
0.070355,-0.446362,1.06535e+09
0.992327,-1.0325,0
0.78088,-0.338294,1.06535e+09
-1.00375,0.210396,0
0.489747,-0.455465,1.06535e+09
0.462989,-0.989356,1.06535e+09
-0.41009,-0.748036,1.06535e+09
-0.853252,-0.675268,0
-0.626088,1.57174,0
0.613513,-0.413844,1.06535e+09
-0.192601,-0.283011,0
-0.422488,-0.778519,1.06535e+09
0.556734,-0.423749,1.06535e+09
-0.09067,-1.21435,1.06535e+09
0.576407,-1.09486,1.06535e+09
0.931418,-0.631377,1.06535e+09
-0.743027,0.671532,0
-0.241585,-0.763285,1.06535e+09
0.364284,-0.064223,1.06535e+09
-0.41829,-0.789281,1.06535e+09
0.676446,-0.447207,1.06535e+09
-0.044013,-1.3332,1.06535e+09
0.68266,-1.00649,1.06535e+09
-0.784936,-0.089373,0
0.818987,-0.195454,1.06535e+09
0.438765,-0.837088,1.06535e+09
-0.679073,0.911548,0
-0.275758,-0.781185,1.06535e+09
-0.907297,-0.341334,0
-0.572959,-0.438528,0
0.24015,0.092837,1.06535e+09
0.222534,-0.225907,1.06535e+09
1.17732,0.415626,0
0.361908,-0.305205,1.06535e+09
0.721316,-0.838413,1.06535e+09
1.18666,-0.524467,0
0.421644,-0.999554,1.06535e+09
-0.15458,-0.388255,1.06535e+09
-0.73048,0.589007,0
-1.35436,0.103353,1.06535e+09
0.059884,-0.562385,1.06535e+09
1.59294,-0.176,0
0.932184,-0.430607,1.06535e+09
0.973135,0.479353,0
0.710262,-0.49875,1.06535e+09
-0.500119,0.899692,0
-0.14135,-0.639343,1.06535e+09
-0.573371,0.381867,0
0.293439,-0.466848,1.06535e+09
-0.980891,-0.158721,0
-0.109106,-0.361676,1.06535e+09
-0.297346,0.229872,0
0.134676,-0.117819,1.06535e+09
0.595871,1.21239,0
-0.455607,-0.39908,1.06535e+09
-0.278735,-0.639835,1.06535e+09
0.564532,1.66928,0
0.497591,-0.436832,1.06535e+09
-0.178892,-0.821848,1.06535e+09
-0.826809,0.207083,0
0.538171,-0.244713,1.06535e+09
-0.57123,0.982668,0
0.217222,0.825468,1.06535e+09
0.81092,-0.499467,1.06535e+09
-0.23531,0.346796,0
0.614668,0.582575,1.06535e+09
0.681243,0.296912,1.06535e+09
0.174058,0.311074,0
-0.916552,0.508262,0
0.929477,0.736563,0
-0.22833,-1.09127,1.06535e+09
0.339463,0.300167,1.06535e+09
-0.027587,0.213528,0
1.06813,-0.4954,1.06535e+09
-0.700361,-0.919182,0
-0.416531,-0.728414,1.06535e+09
0.117773,0.657469,1.06535e+09
-0.570192,0.501609,0
0.670212,0.552599,1.06535e+09
0.796096,0.324554,1.06535e+09
0.06992,0.433616,0
-1.03095,-0.024424,0
0.065061,-0.149554,0
-0.473287,-0.488604,1.06535e+09
0.447077,-1.08477,1.06535e+09
0.68512,0.925012,0
-0.673923,0.755002,0
-0.27351,1.10045,0
-0.013114,0.219076,0
-0.696555,1.03958,0
-0.885574,0.963974,0
-0.940638,0.478775,0
-0.93096,0.647594,0
-0.442443,0.626159,0
-0.826286,0.64594,0
0.261309,-0.725364,1.06535e+09
-0.537829,-0.726959,1.06535e+09
0.549616,-0.659801,1.06535e+09
-0.208189,0.853965,0
0.572007,1.00889,1.06535e+09
1.51193,-0.049805,0
0.420793,0.362752,1.06535e+09
-1.14455,0.774188,0
-0.354029,0.876496,0
0.905817,0.262802,1.06535e+09
-0.640932,0.891165,0
1.11748,-0.32891,1.06535e+09
-0.313189,-1.37256,0
0.648718,0.240576,1.06535e+09
-0.803896,-0.189598,0
0.437846,0.268734,1.06535e+09
-0.200338,-1.56706,0
0.59653,0.749211,1.06535e+09
-0.356869,1.29316,0
-0.774356,-0.885175,0
-0.728855,-0.232518,0
0.722911,-0.303481,1.06535e+09
0.434695,-0.701404,1.06535e+09
-0.865349,0.246575,0
-0.03164,-1.32518,1.06535e+09
-0.5237,-0.669309,1.06535e+09
0.34481,-0.093544,1.06535e+09
-0.643764,-0.834465,0
-0.049383,-1.15271,1.06535e+09
0.786299,-0.794317,1.06535e+09
0.059975,0.173977,0
-1.02467,0.706241,0
0.514535,0.605059,1.06535e+09
0.798992,-0.110527,1.06535e+09
-0.526785,-0.933499,1.06535e+09
0.027465,-1.02316,1.06535e+09
0.718631,-0.053984,1.06535e+09
0.775026,0.330925,1.06535e+09
-1.09393,-0.812416,0
0.732552,0.730119,0
1.33199,0.35073,0
-0.166093,0.754956,0
-0.382655,0.163492,0
0.338788,-0.639549,1.06535e+09
0.885124,-0.489891,1.06535e+09
-0.228895,-0.757228,1.06535e+09
-0.535042,0.95512,0
-0.295056,-0.604132,1.06535e+09
1.21957,-0.28284,0
0.290764,-0.324096,1.06535e+09
-0.232331,0.540145,0
0.040045,0.487963,0
-0.224023,0.662579,0
-0.956448,0.237108,0
-0.178464,0.354654,0
0.345343,0.969138,1.06535e+09
0.712991,-0.255729,1.06535e+09
0.029079,0.944481,1.06535e+09
-0.468316,-0.181338,0
0.529142,-0.122131,1.06535e+09
-0.522408,-0.092354,0
0.819332,-0.46719,1.06535e+09
-0.033384,-0.814152,1.06535e+09
-1.46089,-0.252903,1.06535e+09
0.269804,0.139493,1.06535e+09
-0.525063,-0.713688,1.06535e+09
-0.493547,-0.35489,0
-1.12113,0.357232,0
-0.237981,0.297602,0
0.774576,0.082086,1.06535e+09
0.928373,0.059101,1.06535e+09
0.79073,0.382559,1.06535e+09
0.214202,1.01635,1.06535e+09
-0.660414,0.397183,0
0.770254,-0.602293,1.06535e+09
-0.662872,0.066554,0
-0.702275,0.710344,0
-0.590784,1.24661,0
0.491684,0.417651,1.06535e+09
0.521472,-0.01018,1.06535e+09
-1.03676,0.198567,0
-0.698171,-0.362378,0
0.244846,0.327444,1.06535e+09
0.261051,1.40274,1.06535e+09
-1.42392,0.796724,0
-0.98381,-0.180029,0
-0.607871,0.474142,0
0.395123,-0.625274,1.06535e+09
0.805443,-0.245923,1.06535e+09
0.384837,-0.418952,1.06535e+09
-0.708811,-0.805393,0
0.8252,0.319097,1.06535e+09
-0.73132,1.0043,0
-0.928194,0.350052,0
0.683159,-0.769019,1.06535e+09
0.94032,0.741008,0
0.146304,-0.739261,1.06535e+09
0.767959,-0.337322,1.06535e+09
-0.367491,0.972232,0
0.997431,-0.306547,1.06535e+09
0.618606,-0.423734,1.06535e+09
0.850111,0.442635,0
-0.275919,-0.477981,1.06535e+09
0.942946,0.443915,0
0.534131,0.740239,1.06535e+09
-0.080893,-0.586285,1.06535e+09
0.990575,-0.002319,1.06535e+09
0.098983,-0.575454,1.06535e+09
0.170051,-0.071184,1.06535e+09
0.475735,1.1301,1.06535e+09
-0.87323,-0.157958,0
-0.180399,0.596272,0
0.542627,-0.398733,1.06535e+09
0.503132,-0.09923,1.06535e+09
0.595049,-0.033387,1.06535e+09
0.046298,-0.472564,1.06535e+09
0.963279,0.125463,1.06535e+09
1.53722,-0.014787,0
-0.33212,-0.689211,1.06535e+09
0.578948,0.78213,1.06535e+09
-0.860976,0.168599,0
-0.853422,-0.595283,0
-0.600497,0.864129,0
0.863504,0.103035,1.06535e+09
-0.777625,0.075175,0
-1.25826,-1.39809,0
-0.218232,1.3854,0
0.730746,-0.948612,1.06535e+09
-0.58807,1.50394,0
0.715517,0.449609,1.06535e+09
0.073106,0.929735,1.06535e+09
0.556815,-0.579448,1.06535e+09
-0.916407,-0.434153,0
0.58454,-0.864799,1.06535e+09
-0.077113,-0.206375,0
-0.352513,0.449898,0
-0.302442,-0.161086,0
-0.711463,1.07583,0
0.78516,-0.19896,1.06535e+09
0.007816,0.687745,1.06535e+09
-0.55462,0.021782,0
-0.865646,-0.042877,0
0.80984,0.828233,0
-0.437036,0.856325,0
-1.19302,0.882462,0
0.127108,-0.872844,1.06535e+09
0.614633,0.527724,1.06535e+09
-0.094437,-0.212566,0
-0.79399,-0.443364,0
1.0697,-0.685498,1.06535e+09
-0.806464,0.579214,0
0.346152,-0.875712,1.06535e+09
1.24801,0.121932,0
0.733352,0.957446,0
-0.652121,0.569682,0
-0.439999,0.462056,0
-1.08532,-0.515127,0
0.935499,0.745655,0
-0.717863,-0.404757,0
1.08467,-0.437309,1.06535e+09
-0.475341,-1.1534,1.06535e+09
-0.201902,-0.503547,1.06535e+09
-0.28445,0.705406,0
-0.520937,-1.59293,0
0.97339,0.001348,1.06535e+09
0.844034,-0.111295,1.06535e+09
0.23381,-1.14052,1.06535e+09
0.037861,-1.06609,1.06535e+09
-0.039128,-1.25124,1.06535e+09
-0.758494,-0.29657,0
0.134586,0.914843,1.06535e+09
-0.330612,-0.845541,1.06535e+09
-0.212119,0.5051,0
-0.400596,-1.22881,1.06535e+09
0.760174,0.581298,0
-0.015069,1.06518,1.06535e+09
-0.612295,-0.681878,1.06535e+09
0.754935,-0.107689,1.06535e+09
0.163592,0.427224,0
-0.52003,-0.894374,1.06535e+09
0.085681,-0.737716,1.06535e+09
-0.999052,-0.170123,0
0.198275,0.674106,1.06535e+09
-0.534679,-0.235695,0
-0.622092,-0.215845,0
-0.289006,1.10603,0
-0.907775,-0.62767,0
-0.182574,0.65735,0
-0.760398,-0.674897,0
0.846827,0.900564,0
-1.22666,0.520241,0
-0.377207,-1.5337,0
0.945598,0.509927,0
-1.50952,0.579298,0
0.798612,0.655142,0
0.777416,-0.436342,1.06535e+09
1.17151,0.506296,0
-0.833412,0.389618,0
-0.771581,-0.307237,0
-0.258097,1.37457,0
0.096564,1.51377,0
0.014112,-0.37937,1.06535e+09
0.455835,0.1922,1.06535e+09
0.428728,0.828551,1.06535e+09
0.396448,-0.555195,1.06535e+09
-0.899016,-0.371486,0
-0.728394,0.317945,0
0.74061,0.89076,0
-0.195182,-0.4382,1.06535e+09
-0.30537,0.92475,0
0.401631,0.753319,1.06535e+09
-0.157963,-0.449547,1.06535e+09
-1.03398,-0.274538,0
1.12709,0.787588,0
0.626449,-0.439685,1.06535e+09
0.731165,0.381195,1.06535e+09
0.318768,0.720884,1.06535e+09
-0.717917,-0.583587,0
0.890082,0.773097,0
-0.077467,0.958128,1.06535e+09
0.081849,-1.24267,1.06535e+09
0.910036,-0.244781,1.06535e+09
1.36523,-0.661705,0
0.379721,0.504115,1.06535e+09
-0.011668,0.709816,1.06535e+09
-0.405883,-0.74004,1.06535e+09
0.775973,-0.880797,1.06535e+09
0.937698,0.981065,0
-0.57668,-0.479435,0
-0.54242,0.27521,0
-0.030147,0.349518,0
0.372295,0.234523,1.06535e+09
0.760273,0.303066,1.06535e+09
-1.2245,-1.66471,0
0.497863,-0.854268,1.06535e+09
-0.729421,-0.391517,0
-0.302919,0.952774,0
-0.036709,1.35092,0
0.174137,1.36936,1.06535e+09
0.676711,-0.386466,1.06535e+09
-1.24806,0.078464,0
-0.641465,0.8664,0
-0.799172,0.984991,0
-0.075468,-1.04624,1.06535e+09
1.06901,0.344668,0
0.68443,-0.118303,1.06535e+09
-0.146472,-1.80846,0
0.763521,-0.804081,1.06535e+09
-0.887073,-0.464415,0
-1.02868,0.304804,0
0.707173,-0.946667,1.06535e+09
-0.212918,-1.33552,1.06535e+09
0.444797,-0.187209,1.06535e+09
0.489671,-0.77014,1.06535e+09
-0.532547,1.33071,0
-0.048345,0.91844,1.06535e+09
-0.602194,0.678331,0
-1.10774,0.482342,0
0.180197,-0.707936,1.06535e+09
0.474625,-0.765492,1.06535e+09
-0.327547,0.446184,0
-0.518371,0.351434,0
-0.431514,0.463966,0
0.808469,0.172163,1.06535e+09
-0.51747,-0.863568,1.06535e+09
-0.492882,-0.560762,1.06535e+09
-0.202962,0.315756,0
0.1888,-1.39057,0
-1.39881,0.434732,0
-1.16479,-0.611084,0
0.806094,0.688878,0
-1.15864,0.18623,0
0.275672,-0.384118,1.06535e+09
-0.782667,-0.033338,0
0.694116,0.878546,0
-0.533203,0.307231,0
-0.381927,-0.861498,1.06535e+09
-0.516074,0.953839,0
0.778071,0.247101,1.06535e+09
0.564978,0.28976,1.06535e+09
-0.484446,-0.763612,1.06535e+09
0.209237,-1.21098,1.06535e+09
-1.05845,-0.133584,0
0.684067,-0.998974,1.06535e+09
1.02394,1.42757,0
-0.35635,0.966823,0
0.310691,0.794909,1.06535e+09
-0.964431,0.427449,0
0.396092,-0.579707,1.06535e+09
1.14477,0.197506,0
-1.13249,-0.38423,0
-0.124974,-0.687566,1.06535e+09
0.578576,-0.346314,1.06535e+09
0.425932,0.08544,1.06535e+09
0.463587,-0.510545,1.06535e+09
-0.115334,-0.635679,1.06535e+09
-0.936994,0.714699,0
-0.211984,0.857412,0
-0.282831,0.200875,0
-1.32333,-0.894164,0
1.04144,0.053102,1.06535e+09
0.44126,-0.869473,1.06535e+09
-0.629901,0.197192,0
0.271547,-0.475266,1.06535e+09
0.490896,-0.873692,1.06535e+09
0.393873,0.043486,1.06535e+09
0.756737,-0.921549,1.06535e+09
-0.188482,-0.272712,0
0.553226,0.239609,1.06535e+09
0.952033,-0.193053,1.06535e+09
-0.944645,-0.718619,0
-0.913291,-0.670742,0
0.651529,-0.003507,1.06535e+09
0.84978,-1.09782,1.06535e+09
-0.168665,0.096703,0
-0.007802,-1.0268,1.06535e+09
-0.757686,-0.470327,0
-0.685584,0.29168,0
1.3071,0.767706,0
-0.882415,-0.448682,0
-0.744314,0.055628,0
0.889025,-0.268588,1.06535e+09
0.56809,-0.585123,1.06535e+09
0.596317,-0.042748,1.06535e+09
-1.08379,-0.295482,0
0.648488,-0.972334,1.06535e+09
1.03012,-0.678775,1.06535e+09
-0.761407,0.655743,0
-0.450186,-1.02232,1.06535e+09
-0.947299,0.010888,0
