-0.760075 0.815225 0.000000
0.843372 0.520040 0.000000
0.141104 0.684023 0.000000
-0.122873 -0.022685 1.000000
0.659874 0.362048 1.000000
-0.276922 1.073110 1.000000
0.862594 -0.091710 0.000000
0.215093 0.081444 1.000000
-1.166508 -0.903649 0.000000
-1.003859 0.022526 0.000000
0.115970 -0.347581 0.000000
0.683012 -0.852193 0.000000
-0.724241 -0.284950 1.000000
0.739959 -0.083007 0.000000
-0.112661 -0.705357 1.000000
1.354725 -0.011681 0.000000
0.166584 -1.233230 0.000000
0.468983 0.819580 1.000000
-1.429874 -0.775983 0.000000
-0.678827 0.812825 0.000000
-0.414652 -0.263242 1.000000
-0.278608 1.148722 0.000000
-0.305237 -1.430044 1.000000
0.318077 -0.858302 1.000000
0.846250 0.582331 1.000000
0.281851 0.259711 1.000000
-0.437020 -1.035917 0.000000
0.389949 -1.021107 0.000000
-0.006581 -0.833509 1.000000
-1.005150 -0.544986 0.000000
-0.586989 -1.036281 0.000000
0.853715 1.129934 0.000000
-0.604102 -0.197033 0.000000
-0.293063 0.844194 1.000000
0.344599 0.151053 1.000000
-0.147460 0.981320 0.000000
1.365784 -0.233174 0.000000
0.168638 0.335919 1.000000
0.139420 -0.939026 1.000000
-0.793309 1.025256 0.000000
-0.511994 0.169797 1.000000
0.602089 -0.129566 1.000000
-1.177716 -0.048964 1.000000
0.754950 0.411982 0.000000
0.076171 0.290371 1.000000
0.467273 -0.683167 1.000000
0.068202 -0.368218 0.000000
0.450795 0.749153 0.000000
-0.902243 -0.527412 0.000000
-0.984070 -0.158635 1.000000
0.108035 0.415658 1.000000
-0.604049 -0.424357 0.000000
0.189189 -0.198203 1.000000
-0.169773 1.578162 0.000000
0.055430 0.206861 1.000000
0.979101 -0.603966 0.000000
-0.304588 -0.685417 1.000000
-0.495173 1.241716 0.000000
0.786006 0.498469 0.000000
0.458338 1.310956 0.000000
-0.669182 -0.280331 1.000000
-0.631485 0.437831 0.000000
-0.548448 -0.620588 0.000000
0.874361 -0.805248 0.000000
-0.785496 0.614334 1.000000
0.752778 -0.350295 0.000000
-0.639077 1.217434 0.000000
-0.603134 -0.377388 0.000000
1.002918 0.192927 1.000000
-1.030146 0.261257 0.000000
-1.381970 -0.105986 0.000000
0.793112 -1.100768 1.000000
0.802084 -0.145582 1.000000
-0.783372 -0.179328 0.000000
-1.153658 0.221211 0.000000
-0.732885 -1.470899 0.000000
1.008520 -0.611765 1.000000
1.122135 0.263290 0.000000
-0.931248 -0.231982 1.000000
0.647552 -0.574324 0.000000
-0.709057 0.426998 1.000000
0.261933 0.370160 1.000000
0.339354 1.457980 0.000000
0.480844 1.002684 0.000000
0.601052 -0.303259 1.000000
0.452606 -1.053549 0.000000
0.819801 -0.235861 0.000000
-1.165456 0.165076 0.000000
-0.191881 -0.912350 1.000000
-0.682934 0.567073 1.000000
1.138557 -0.712003 1.000000
-0.082704 -1.961467 0.000000
0.676837 0.089888 1.000000
-0.482960 -0.402653 1.000000
1.088621 -0.365346 1.000000
-0.663798 -1.099924 0.000000
-0.548325 0.304393 1.000000
-1.312483 -0.484660 0.000000
0.369561 -0.437220 1.000000
1.043342 -0.241360 0.000000
0.684263 0.089713 1.000000
0.604173 1.590718 0.000000
-1.282151 0.134526 0.000000
-0.413006 -1.020807 0.000000
-0.774986 -0.691957 1.000000
-0.901105 0.103903 0.000000
-0.446145 -0.271830 1.000000
-1.234007 -0.371201 0.000000
-0.520493 0.243142 1.000000
1.402865 -0.741459 0.000000
-0.308408 0.491924 1.000000
-0.898917 -0.640261 0.000000
0.941969 -0.137303 0.000000
-1.114980 0.407709 0.000000
-0.023439 -0.401169 1.000000
-0.457369 0.741697 1.000000
0.539493 0.503268 1.000000
0.287753 -1.030969 0.000000
-0.014195 1.005249 1.000000
0.351973 0.602539 1.000000
-0.906972 -0.736878 0.000000
1.247537 -0.014895 0.000000
0.636765 0.447109 1.000000
-1.097529 -0.822733 0.000000
-0.876777 -0.159897 0.000000
-0.307744 0.297031 1.000000
0.678482 0.118553 1.000000
0.475427 0.244507 1.000000
-1.227287 -0.041851 1.000000
0.657129 -0.432744 0.000000
0.243559 0.904219 0.000000
0.228658 -0.364266 1.000000
-0.099957 0.795974 1.000000
0.740738 0.330987 1.000000
0.322106 0.395738 1.000000
-0.164389 0.750207 1.000000
-0.321797 0.029056 1.000000
-1.084422 0.766004 0.000000
1.137488 -1.012345 1.000000
-0.485469 -0.531263 0.000000
0.643534 -0.153365 1.000000
0.095830 0.578811 1.000000
-0.121123 -0.466947 1.000000
-0.430763 1.180434 0.000000
0.336231 0.023381 1.000000
-0.706519 -0.667802 0.000000
-1.178850 0.698107 1.000000
0.331399 0.563472 1.000000
0.876358 -1.139142 0.000000
0.530849 -0.494819 1.000000
-1.471721 -0.362474 0.000000
0.358459 -0.189328 1.000000
-0.061345 -0.465719 0.000000
-1.572397 -0.543626 0.000000
-0.931107 -0.019582 1.000000
-0.729703 -0.145668 1.000000
-0.857270 -0.435339 0.000000
-0.357716 0.724655 1.000000
1.029941 0.205551 0.000000
0.445098 0.046693 1.000000
0.389485 0.400943 1.000000
0.923110 0.967653 1.000000
0.364880 -1.258441 0.000000
-1.016713 0.013732 1.000000
0.604954 -0.891992 0.000000
-0.364148 -0.954532 1.000000
-0.534146 0.188322 1.000000
-0.879406 -0.190543 1.000000
-1.574037 0.008501 0.000000
-0.593424 0.388881 1.000000
-0.985595 0.546955 0.000000
-0.734511 -0.314121 1.000000
0.923227 -1.122522 0.000000
0.434975 0.488594 1.000000
-0.682572 -0.832969 1.000000
-0.153238 -0.750826 0.000000
-0.745790 -1.125693 1.000000
-0.088038 -1.130489 0.000000
0.673757 -0.327584 1.000000
0.546795 1.065535 1.000000
-1.352597 0.118367 1.000000
-1.201277 0.649717 1.000000
0.516888 -0.739161 0.000000
-0.794774 -0.024413 0.000000
-0.969922 -0.635689 1.000000
0.919450 -1.285218 0.000000
-0.822191 0.646701 0.000000
-0.013382 -0.220524 0.000000
-1.066607 -0.144563 1.000000
-0.717141 -0.349726 1.000000
-0.408858 -1.243432 1.000000
-0.776596 0.029329 1.000000
-0.952462 -0.567660 0.000000
-0.837870 0.917215 1.000000
0.075559 -0.400751 1.000000
0.255108 0.870499 0.000000
0.067133 0.431539 1.000000
0.654869 0.915415 1.000000
1.010710 0.098736 1.000000
0.156982 -0.555831 1.000000
0.086225 0.512847 1.000000
-0.960596 -0.403851 0.000000
-0.905449 0.054317 1.000000
0.729773 1.471027 0.000000
-0.541533 1.627745 0.000000
-0.300418 0.751693 0.000000
-0.811275 -0.141397 1.000000
-0.254990 0.810322 0.000000
1.028046 0.495854 1.000000
0.337370 0.007662 1.000000
-0.001695 -0.318311 1.000000
-0.176571 0.680293 1.000000
0.126862 -0.726519 0.000000
-0.402655 -0.573138 1.000000
0.216075 1.010441 1.000000
-0.826859 -0.056294 1.000000
0.250095 -0.500362 0.000000
0.313685 1.060555 0.000000
1.664439 0.439616 0.000000
-0.751046 1.206696 0.000000
-0.365983 -0.604768 1.000000
0.296016 -0.219541 1.000000
-0.810600 0.065464 1.000000
-0.333934 -0.983596 0.000000
0.741019 -0.511533 0.000000
1.285031 0.037658 0.000000
-0.765930 1.186651 0.000000
-0.703399 0.513895 0.000000
-0.533206 -0.659605 1.000000
0.526075 -0.618769 0.000000
0.494503 -0.182698 0.000000
0.014590 0.900155 1.000000
0.093260 -0.167163 1.000000
-0.036899 0.980019 0.000000
-0.729141 0.237911 0.000000
0.314804 -0.917486 1.000000
-0.087844 -0.801694 0.000000
0.373954 -1.332425 0.000000
0.734246 0.007277 1.000000
-0.463664 0.159063 1.000000
0.368725 0.735674 0.000000
0.067278 -1.443272 0.000000
-1.254939 0.633242 1.000000
0.553232 -0.801412 1.000000
0.104898 1.264020 1.000000
0.607636 0.328819 1.000000
0.794258 -0.300840 1.000000
-1.259013 -0.430798 1.000000
-0.565248 -1.167556 0.000000
-0.093143 1.314417 0.000000
1.197706 -0.351151 0.000000
0.457823 0.608479 1.000000
0.876652 -1.483707 0.000000
-0.815604 0.060967 1.000000
0.524590 -0.328022 0.000000
-1.009102 -0.223069 0.000000
-0.580872 0.853876 0.000000
0.212306 1.106623 1.000000
-0.735506 0.249137 0.000000
0.443266 -0.241439 1.000000
-0.355547 -0.259527 1.000000
-0.839337 -1.216558 0.000000
-0.629491 -0.322273 1.000000
-0.837306 -0.435544 1.000000
-0.828889 -0.297609 1.000000
-0.559335 -0.020123 0.000000
0.629608 0.649878 1.000000
-0.550209 -0.061281 0.000000
-0.312397 0.741806 1.000000
-0.046398 0.620354 0.000000
-0.488813 -0.734682 1.000000
-0.333467 0.821719 0.000000
0.900211 -0.881841 0.000000
0.294147 0.564201 1.000000
0.138802 0.404025 1.000000
0.749893 0.144352 0.000000
0.827821 0.341941 0.000000
0.760386 -0.512238 1.000000
0.448979 1.177554 0.000000
-0.278077 -0.496089 1.000000
-0.143576 0.418895 0.000000
0.646210 -0.211853 1.000000
1.259674 1.082139 0.000000
-0.026051 -1.223683 1.000000
0.898565 -0.477159 0.000000
0.004148 -1.145984 0.000000
-0.268956 0.359887 1.000000
0.544453 -0.862752 1.000000
-0.347288 -0.237942 1.000000
-0.481227 -0.340063 1.000000
-0.031853 1.017429 0.000000
-0.394198 -0.448133 1.000000
-0.549276 -0.501696 0.000000
0.823482 1.425284 0.000000
-0.465320 0.980825 1.000000
-0.354133 0.370092 1.000000
0.115792 0.217602 1.000000
0.473543 0.646149 1.000000
0.972877 -0.527211 0.000000
0.137640 -0.091944 0.000000
0.638046 0.818593 1.000000
0.395916 0.252990 0.000000
0.089589 0.981862 1.000000
-0.336414 -0.151513 1.000000
-1.317045 0.670431 0.000000
1.257616 -0.510794 0.000000
0.959523 0.525022 0.000000
-0.342525 0.117884 1.000000
0.817750 -0.504438 1.000000
0.152608 0.121951 1.000000
-0.322364 0.771209 1.000000
0.876937 -0.399632 1.000000
0.602180 -0.913663 1.000000
0.665014 -0.900514 0.000000
0.382901 -1.113764 0.000000
-0.403503 0.766101 0.000000
-0.776410 0.543939 0.000000
-0.365944 1.375158 0.000000
-1.330446 0.310480 0.000000
0.142457 0.695851 1.000000
-0.820372 0.210475 1.000000
-0.392922 -0.715624 0.000000
-0.924159 0.644696 1.000000
-0.148252 0.137802 1.000000
-0.415338 0.928779 1.000000
-1.397459 0.714834 0.000000
-0.817600 0.958239 0.000000
-0.731662 0.362153 1.000000
0.149622 0.655850 0.000000
-0.273613 1.276013 0.000000
0.096019 -1.045463 1.000000
-0.566440 0.500584 1.000000
-0.211923 1.104926 0.000000
0.237371 0.721596 0.000000
0.476472 0.689493 1.000000
0.633935 0.699779 1.000000
-1.120530 0.335622 0.000000
0.158601 1.020380 0.000000
1.096329 -0.837980 0.000000
0.402771 -0.214990 1.000000
0.083425 0.643065 0.000000
0.532909 0.768216 1.000000
-0.710533 -0.522880 0.000000
0.771954 0.695254 0.000000
-0.801955 -1.047800 1.000000
0.189956 -0.487882 1.000000
-0.616598 -0.106780 1.000000
1.029258 1.099555 0.000000
-0.398031 -0.002034 1.000000
0.253627 0.279487 1.000000
0.194408 0.441017 0.000000
-0.148083 0.510517 1.000000
0.277600 -0.687766 1.000000
0.293372 -0.133535 1.000000
1.037809 0.955156 0.000000
0.575245 -0.022271 0.000000
-0.510794 -0.188898 1.000000
-0.082464 0.283366 0.000000
0.332389 -0.622631 1.000000
-0.216911 0.583500 1.000000
0.128005 0.797945 0.000000
-0.373849 -0.417579 0.000000
-0.392629 0.171134 1.000000
0.127099 -0.642772 1.000000
-0.021586 0.532667 1.000000
1.322249 -0.179325 1.000000
-0.421212 0.344379 1.000000
1.007485 0.253270 1.000000
0.295938 -0.721001 0.000000
-0.775399 1.241985 0.000000
-0.565807 0.405654 0.000000
0.444942 -1.215647 1.000000
-0.578873 0.120203 1.000000
-0.546828 0.614183 1.000000
-0.931362 -0.797740 0.000000
0.142772 -0.010154 1.000000
-0.679054 0.340420 1.000000
-0.748115 0.985008 0.000000
-0.916930 0.663906 0.000000
-0.466160 -0.353500 0.000000
0.675291 -0.449747 1.000000
-0.991988 0.741071 0.000000
0.476610 -0.150214 0.000000
0.184149 0.823955 1.000000
-0.995015 0.016786 0.000000
0.291318 -0.346239 1.000000
-0.298063 0.674134 1.000000
-0.774422 0.753220 0.000000
-0.695138 -0.702020 0.000000
0.985618 -0.039072 0.000000
-0.102314 0.557856 1.000000
-0.169424 -0.877194 1.000000
-0.601720 0.548878 1.000000
-0.933628 0.718780 0.000000
-0.964343 0.098893 1.000000
0.543184 -0.954811 1.000000
-0.541433 0.159516 1.000000
0.692002 -0.807770 0.000000
-0.241424 -0.789017 0.000000
-0.927113 0.124600 1.000000
-0.482715 -1.106382 0.000000
0.448662 -1.447588 0.000000
0.082156 -0.894503 0.000000
-0.201587 -0.241530 1.000000
0.266911 -0.230354 1.000000
0.692571 -0.421386 1.000000
0.803750 0.903661 1.000000
-1.031555 0.422021 0.000000
-0.912968 0.373941 1.000000
0.209320 -0.610097 1.000000
0.337473 -1.331395 0.000000
0.029212 0.893240 0.000000
0.496211 0.724260 0.000000
0.503048 1.004606 1.000000
-0.371863 -1.279725 0.000000
-0.055029 0.552860 1.000000
-0.424975 0.865266 1.000000
-0.144092 -0.124731 1.000000
1.125258 -0.020502 0.000000
0.988829 0.325354 1.000000
-0.296527 0.431983 1.000000
0.598555 -0.481011 0.000000
0.596709 -0.569314 0.000000
0.567028 -0.113794 0.000000
-1.278388 0.014075 0.000000
-0.985176 0.012828 1.000000
-0.380165 0.747416 1.000000
0.198274 -1.238716 0.000000
0.605964 0.521102 0.000000
-0.682272 0.033367 0.000000
-0.953443 -0.077020 1.000000
-0.318523 -0.255656 1.000000
1.368565 -0.642508 0.000000
-0.083928 -0.913588 1.000000
-0.056247 -0.934629 1.000000
-0.689942 0.249986 0.000000
0.078634 0.860495 1.000000
0.940660 0.210490 0.000000
0.313083 -0.294295 1.000000
-1.286077 0.162980 0.000000
-1.189851 0.301725 0.000000
-0.617150 -1.010875 0.000000
-0.279229 -0.952901 1.000000
-0.701957 0.176687 0.000000
-0.309522 0.453358 0.000000
-0.788385 -0.611056 0.000000
0.365749 -0.622058 0.000000
-0.571386 0.312587 1.000000
-0.927304 -0.110931 0.000000
-0.528571 -0.400521 1.000000
0.805108 0.251720 1.000000
0.444747 0.830678 0.000000
1.239440 0.781299 0.000000
-1.285212 -0.279227 0.000000
-1.108995 0.457861 1.000000
-0.841148 -0.930821 0.000000
0.900928 -0.236934 0.000000
-0.962086 -0.526689 1.000000
0.414289 -0.671229 1.000000
0.676999 0.224400 1.000000
-1.151558 -0.599475 1.000000
-0.647728 -0.286755 1.000000
0.247084 -0.054075 1.000000
0.352114 -0.127001 1.000000
-0.012421 -1.448306 0.000000
-0.135355 -1.029834 0.000000
0.328138 0.874242 0.000000
0.751397 1.240803 0.000000
1.023491 -0.000889 1.000000
0.329291 -0.503465 0.000000
-0.015861 0.711243 1.000000
-0.981160 -0.397510 1.000000
0.563004 0.118785 1.000000
0.165286 -0.977555 0.000000
0.816743 0.422460 1.000000
-0.689586 -0.437362 0.000000
-0.172240 -0.831194 0.000000
0.579085 0.631929 1.000000
-0.624027 -0.235306 0.000000
-0.235639 1.419432 0.000000
-0.430818 -0.102667 1.000000
-0.702247 0.720327 0.000000
-0.875818 0.001399 1.000000
0.743420 0.713712 0.000000
0.143221 -0.855026 0.000000
0.027131 1.194141 1.000000
0.254893 0.489867 1.000000
-0.615054 -0.063091 1.000000
-1.016161 -0.229927 1.000000
-1.295481 -0.438359 0.000000
0.784326 -0.975809 1.000000
-1.246675 0.246564 0.000000
0.352740 1.005955 1.000000
0.875705 0.344125 1.000000
-0.719092 1.172768 0.000000
-0.648144 -0.151975 0.000000
0.678608 -0.352295 1.000000
0.765585 -0.472729 0.000000
-0.189152 -0.321926 1.000000
0.825598 -0.283190 1.000000
-0.602945 1.057111 0.000000
0.597622 -0.207865 1.000000
0.917496 -0.300482 0.000000
1.121912 0.534838 0.000000
1.088204 -0.017356 0.000000
0.403863 1.167669 0.000000
0.420807 -0.367809 1.000000
-0.973276 0.573578 1.000000
-0.417873 -0.837550 1.000000
1.102021 0.129043 0.000000
0.708647 0.127088 0.000000
-0.302225 -0.005040 1.000000
0.763680 -0.322096 0.000000
-0.920568 0.002851 1.000000
0.062987 0.428105 1.000000
0.783971 0.581024 1.000000
0.854879 0.699936 1.000000
0.537684 -0.238681 1.000000
0.248202 -1.159670 0.000000
-1.066461 0.043383 0.000000
-0.247664 -0.618477 0.000000
-1.346951 0.504952 0.000000
-0.228360 -0.961319 0.000000
0.891507 -0.340024 0.000000
0.850676 0.935262 1.000000
-0.837625 -0.063107 1.000000
-0.928610 0.287028 0.000000
0.669620 -0.557720 0.000000
0.169217 -0.648536 1.000000
-0.677491 0.565624 0.000000
0.367429 -0.126269 1.000000
0.929213 -0.575910 1.000000
0.705387 1.020053 0.000000
-0.657705 -1.355599 0.000000
-0.389365 0.380497 1.000000
-0.942089 0.013209 0.000000
-0.468786 0.449571 0.000000
-1.116196 -0.220249 0.000000
-0.473351 -0.090400 1.000000
0.483185 0.434281 1.000000
-0.000285 -0.738778 0.000000
0.956356 -0.146859 0.000000
0.275711 1.065576 1.000000
-0.501225 0.185720 1.000000
-0.077191 -0.626547 0.000000
-0.268340 -0.090628 1.000000
-0.073285 1.016394 0.000000
-0.744159 0.751321 1.000000
0.793344 0.101986 1.000000
-0.144620 0.115691 1.000000
0.465206 0.591893 1.000000
-0.633263 -0.737304 1.000000
1.157090 -0.586506 0.000000
0.729127 0.131332 1.000000
0.701845 0.846430 0.000000
0.026276 0.311246 1.000000
0.263209 0.870645 0.000000
-0.311342 0.646587 0.000000
0.759508 0.122342 1.000000
-0.591945 -0.875373 0.000000
0.515805 -0.158640 1.000000
-1.141069 0.203845 1.000000
0.132533 0.032390 1.000000
0.574626 0.572978 0.000000
0.254898 0.944751 0.000000
-0.172473 -1.290329 0.000000
-0.921924 -0.439004 0.000000
0.015540 -0.658343 0.000000
0.963447 -0.232538 0.000000
1.158481 -0.123846 0.000000
1.223920 -0.878822 0.000000
-0.937064 0.187909 0.000000
-1.806341 0.247106 0.000000
0.386576 -0.925345 0.000000
0.475130 1.102220 0.000000
-0.518286 0.450219 0.000000
-0.152564 0.336343 1.000000
-0.434648 0.088580 0.000000
-0.915109 -0.060574 0.000000
0.926961 -0.753994 0.000000
-0.129496 1.019181 0.000000
0.314196 -0.122965 1.000000
-0.489071 -0.915840 1.000000
0.863033 -0.248358 0.000000
0.416650 -0.897058 0.000000
0.917244 -0.054903 0.000000
-1.030371 -0.157908 0.000000
-0.118591 -1.029682 0.000000
0.265339 -0.693253 1.000000
0.756957 0.789992 0.000000
1.129680 0.575528 0.000000
-0.651013 0.258964 1.000000
-1.348721 -0.171100 0.000000
-0.878350 -0.573868 0.000000
1.349872 0.514907 1.000000
-0.926887 -0.295752 0.000000
-0.534367 -0.640815 1.000000
-0.783964 0.338369 0.000000
-1.530044 -0.055037 0.000000
-0.386684 -0.978797 0.000000
0.564441 -0.227097 0.000000
1.288279 0.407686 0.000000
0.919724 0.198374 1.000000
0.221041 -0.286291 1.000000
-0.647211 0.482026 1.000000
-0.366460 -0.682844 1.000000
1.128282 0.350354 1.000000
0.619103 0.185901 1.000000
-1.118323 0.578978 0.000000
-0.830356 -0.035236 1.000000
0.177840 1.196312 0.000000
0.786551 0.239826 0.000000
-0.639578 0.316540 1.000000
-0.394186 -1.023384 1.000000
-0.706245 -0.136576 1.000000
-0.521308 -0.350578 1.000000
0.106250 -0.187111 1.000000
0.399312 -1.177548 0.000000
0.442160 -1.030513 0.000000
-0.569685 0.045845 1.000000
0.580074 -0.641434 0.000000
0.725491 -0.805906 0.000000
0.738101 0.311969 1.000000
0.396435 0.504826 1.000000
-0.152580 0.667153 1.000000
-1.023217 -0.828546 1.000000
-1.146248 0.398362 0.000000
0.021111 -1.131811 0.000000
1.111699 -0.348965 0.000000
1.532119 0.166463 0.000000
0.376569 0.936618 1.000000
0.582492 -0.375566 0.000000
-0.906131 -0.946909 0.000000
-0.273103 0.286594 1.000000
0.126428 1.037925 0.000000
-0.608178 0.213149 1.000000
-0.530456 0.425639 1.000000
-0.754230 -0.919566 0.000000
-1.157629 -0.296165 0.000000
1.398109 0.096877 0.000000
-0.482897 0.729711 0.000000
0.455227 -0.559181 0.000000
-0.967139 0.062552 0.000000
-1.029784 -0.093894 0.000000
0.658706 0.735214 0.000000
-1.056839 -0.327532 0.000000
0.217104 -0.360530 1.000000
-0.801917 -0.543256 0.000000
-0.653140 -1.111656 1.000000
-0.550463 -0.699594 0.000000
0.691757 -0.088566 0.000000
-0.962140 0.611737 0.000000
0.705354 -0.166046 0.000000
0.160252 0.694443 1.000000
0.590121 0.625375 1.000000
0.732300 0.115679 0.000000
-0.322426 -0.243670 1.000000
-0.504149 -0.262541 0.000000
0.055018 0.900374 0.000000
-0.143188 -0.373866 1.000000
1.142287 -0.415516 1.000000
0.078574 0.535670 1.000000
-0.597054 0.170157 1.000000
-0.197605 0.618214 1.000000
0.146912 -0.472055 1.000000
0.099171 0.123443 1.000000
0.523505 1.087531 0.000000
-0.960425 0.571236 1.000000
0.342860 -1.202778 0.000000
-0.630517 0.083034 1.000000
0.505940 -0.621715 1.000000
-0.235198 1.508316 0.000000
-0.740132 -0.607932 1.000000
-0.878370 -0.743405 0.000000
-0.237056 -0.913915 0.000000
-0.954000 0.293175 0.000000
0.276310 0.060409 1.000000
0.341176 -0.539123 1.000000
-0.512511 0.639151 1.000000
-0.293652 -0.417119 1.000000
-0.259456 -1.567517 0.000000
0.186308 0.883808 0.000000
-0.641574 0.293941 0.000000
0.783616 -0.596344 1.000000
-0.704524 -0.074310 0.000000
-0.674401 0.527520 1.000000
0.516180 0.420118 0.000000
-0.829935 0.161945 0.000000
0.219954 0.607063 1.000000
0.778014 -0.429856 0.000000
-0.078194 0.742459 0.000000
-0.153064 -0.404872 0.000000
0.753722 -0.164308 1.000000
-0.977692 -0.212270 0.000000
-0.422016 0.471618 0.000000
0.224239 0.888308 0.000000
-0.697039 -0.225968 0.000000
-0.335641 -1.034309 0.000000
-0.527658 -0.925524 0.000000
-0.093104 -0.879410 1.000000
0.770242 0.459821 1.000000
0.794836 -0.608706 1.000000
-0.069149 -0.289053 0.000000
0.743952 0.252267 1.000000
0.243180 -0.899525 1.000000
0.167616 0.976270 0.000000
0.151284 0.188345 1.000000
-0.144778 0.812492 0.000000
-0.644145 -0.573633 0.000000
-0.481575 0.735705 0.000000
0.787993 0.786855 1.000000
-0.568746 -0.036625 1.000000
0.659270 1.653612 0.000000
-0.546464 0.057492 1.000000
0.079476 -1.198224 0.000000
0.630385 -0.230861 0.000000
0.631981 0.431270 0.000000
-0.107178 1.198207 0.000000
0.633158 -0.208782 1.000000
0.169664 -1.066205 0.000000
-0.985186 0.060169 1.000000
0.025258 0.765359 1.000000
0.523814 -0.422743 1.000000
-1.055081 -1.054304 0.000000
1.138562 -0.193817 1.000000
-0.785345 -0.358935 0.000000
-0.185150 -0.258336 1.000000
0.975538 0.641011 0.000000
0.394456 -0.558714 0.000000
0.125554 -0.670598 1.000000
-1.616257 -0.634555 0.000000
-0.307211 1.147773 0.000000
-0.923961 -0.212409 1.000000
-0.091841 -1.260566 0.000000
0.447031 -0.179714 1.000000
-0.291555 0.804605 0.000000
-1.276723 0.818469 0.000000
0.896246 -0.505254 0.000000
0.314139 0.928385 0.000000
-1.356510 -0.231278 1.000000
0.926701 -0.810543 0.000000
-0.195424 -0.758764 1.000000
0.221422 -0.987469 0.000000
1.171703 0.777008 0.000000
0.020739 0.916590 1.000000
-0.602544 0.769498 1.000000
0.259695 -0.824749 1.000000
-0.898863 0.177021 1.000000
-1.274676 0.045375 0.000000
-0.941845 -0.344205 0.000000
0.227197 -0.988440 0.000000
-0.338646 0.974619 0.000000
-1.022747 -0.752461 0.000000
-0.014084 1.253424 1.000000
0.777965 -0.212234 1.000000
-1.340078 0.624892 0.000000
0.477995 -1.041159 0.000000
-0.052176 -0.173263 1.000000
-0.234953 0.861006 0.000000
0.626149 -0.640344 1.000000
0.898764 -0.790974 0.000000
1.100576 0.242521 0.000000
0.937516 -0.506352 0.000000
0.330481 -0.885485 0.000000
1.227151 -0.200595 0.000000
1.092109 0.903104 0.000000
0.449509 -0.057778 1.000000
-0.142602 1.040677 0.000000
0.860081 0.623469 1.000000
0.856561 -0.136913 0.000000
0.605405 -0.364369 0.000000
1.174802 0.033441 0.000000
0.366531 -0.293779 1.000000
-0.539466 1.206437 1.000000
-0.258325 0.682498 1.000000
-0.969357 -0.400846 1.000000
-0.069402 1.248411 0.000000
-0.472460 -0.897006 1.000000
-0.582198 0.511838 1.000000
-0.115587 -1.294907 1.000000
-0.031540 0.619248 0.000000
-0.812124 0.403884 0.000000
-1.237209 0.089756 0.000000
0.950559 -0.843061 0.000000
-0.543399 -0.409287 1.000000
0.165109 0.486917 1.000000
0.478013 -0.585890 1.000000
0.839587 -1.325820 0.000000
1.406614 -0.417412 0.000000
0.361544 -1.364589 0.000000
-0.169361 -0.344827 1.000000
0.757452 0.523131 1.000000
-0.094975 0.813098 0.000000
-0.615001 1.106477 1.000000
0.335560 1.167143 0.000000
-0.498801 -0.564331 0.000000
0.092236 0.664618 1.000000
1.373905 -0.208126 1.000000
-0.276912 0.215415 0.000000
-0.564861 0.000856 1.000000
-0.377864 -0.939564 0.000000
0.207919 0.108949 1.000000
0.872747 -0.009846 1.000000
-0.665854 0.657560 0.000000
-0.201141 0.682261 0.000000
0.191298 -0.746689 0.000000
0.626220 -0.416947 1.000000
0.744182 0.092368 1.000000
-0.437378 0.842786 1.000000
1.237124 0.152773 0.000000
-0.582611 -0.584772 1.000000
0.983202 0.145307 0.000000
-0.262766 0.371033 1.000000
0.603766 0.422856 1.000000
-0.448109 0.756783 0.000000
0.065063 0.988396 0.000000
0.522727 0.967416 0.000000
0.830896 0.609145 0.000000
0.058662 -0.938386 1.000000
-0.377854 0.132649 0.000000
-0.079427 -0.884004 1.000000
-0.425199 -0.687062 0.000000
-0.031385 -1.045112 1.000000
-0.812830 -0.054737 1.000000
1.086721 0.186833 1.000000
-0.076942 0.156718 1.000000
0.254912 -0.508884 0.000000
0.688713 -0.814601 1.000000
-0.740764 -0.477239 0.000000
-1.568688 0.037024 0.000000
-0.088578 -1.113168 0.000000
-0.442777 0.798595 0.000000
-0.895779 0.523901 0.000000
-0.575393 0.259964 1.000000
0.323650 -0.484465 0.000000
-0.851576 0.088917 1.000000
-0.538878 -0.093988 0.000000
0.702106 -0.194097 1.000000
-1.178747 -0.763193 0.000000
0.611299 -0.427096 0.000000
0.958302 0.653168 1.000000
-0.317136 0.467258 1.000000
1.599088 -1.054239 0.000000
-0.403971 0.449847 0.000000
0.437243 -0.341670 1.000000
0.034132 0.561334 1.000000
-0.509070 -0.951127 1.000000
-0.578682 1.325216 0.000000
-0.581545 -0.045890 1.000000
-0.422196 1.071434 0.000000
1.190830 -0.642900 0.000000
0.185142 0.124339 1.000000
0.858225 -0.168088 0.000000
-1.415181 -0.074120 1.000000
-0.389152 -0.311548 0.000000
-1.022449 0.283104 0.000000
0.364490 -0.434028 1.000000
0.274329 0.597716 1.000000
0.517047 -0.282123 1.000000
-0.672655 0.618802 0.000000
0.816496 0.647830 0.000000
0.320927 -0.756066 0.000000
0.364661 -0.309951 1.000000
-0.225374 -0.894122 1.000000
0.486445 0.217669 1.000000
-0.099024 0.541909 1.000000
-0.957157 -0.054721 1.000000
1.074778 -0.412210 0.000000
-0.432855 0.194365 1.000000
0.775780 0.506625 0.000000
0.444308 0.518124 0.000000
-0.613336 0.051639 1.000000
-0.427598 0.876122 1.000000
-0.849668 -0.114981 1.000000
-0.490015 0.176231 0.000000
0.789008 -0.388204 0.000000
-1.097754 0.579179 0.000000
-0.647432 -0.363419 0.000000
-0.266328 -0.750019 1.000000
0.712407 0.679906 1.000000
-0.467206 -1.535062 0.000000
-0.681690 1.170778 0.000000
-0.826977 0.344018 0.000000
0.143703 -0.625585 1.000000
-0.185218 -0.536937 1.000000
-0.521987 -0.452384 1.000000
-0.357117 0.668394 1.000000
-0.187141 0.443562 1.000000
-0.766555 -1.095497 0.000000
0.447288 0.437835 0.000000
0.288452 0.542675 1.000000
-1.040562 -0.782296 0.000000
-0.234105 -0.903043 0.000000
-0.343518 0.687437 0.000000
0.475873 -0.418193 1.000000
-1.256522 0.746898 0.000000
-0.035056 1.218429 1.000000
-0.591232 0.173642 1.000000
-0.578112 0.221565 0.000000
0.320531 -0.594118 1.000000
-1.363532 0.082133 1.000000
0.076714 1.537005 0.000000
-0.967133 -0.326548 1.000000
-0.179771 -0.553620 1.000000
-0.655875 -0.595571 1.000000
1.505172 0.443396 0.000000
0.020679 0.922325 1.000000
0.848506 0.909981 0.000000
-0.021730 -0.579875 1.000000
0.502849 1.140604 0.000000
-0.602790 -0.916693 0.000000
1.107823 -0.045678 0.000000
0.796161 -0.307458 1.000000
-0.676925 0.656724 1.000000
-0.241891 0.396808 1.000000
0.387521 0.070485 0.000000
0.464369 -1.231557 1.000000
-0.891978 1.388440 1.000000
0.044618 -0.699914 1.000000
-0.613633 0.487793 1.000000
0.310075 0.333979 0.000000
0.597992 0.314731 1.000000
-0.100800 -0.803482 1.000000
-0.009575 0.532123 0.000000
0.905411 -0.149938 1.000000
0.799044 0.561305 0.000000
0.585728 0.879875 0.000000
-0.722251 0.113409 1.000000
0.848557 -0.298857 1.000000
0.588096 0.463632 1.000000
0.025441 0.824426 0.000000
-0.214021 -1.118157 0.000000
-0.141567 -0.324076 1.000000
-0.606847 0.442984 0.000000
0.195978 0.863112 0.000000
-0.243516 -0.544404 1.000000
-0.538725 0.486657 1.000000
0.719855 1.008508 0.000000
0.743911 1.341475 0.000000
0.928335 -0.371814 1.000000
-0.097778 0.496546 1.000000
-0.598860 -1.294414 0.000000
0.949375 -1.134963 0.000000
0.266705 0.390459 1.000000
0.671546 -0.494589 0.000000
0.462118 -0.476168 0.000000
0.001461 0.785384 1.000000
-0.607953 0.701862 0.000000
0.317553 0.151102 1.000000
0.821965 0.279512 1.000000
-0.556866 0.101494 0.000000
0.295137 -0.843234 1.000000
0.330483 -0.587284 0.000000
1.664420 0.765009 0.000000
-0.676794 -0.912331 0.000000
-0.437277 -1.137063 0.000000
-0.701005 0.534985 0.000000
0.643340 -1.116756 0.000000
-0.277250 0.556978 0.000000
-0.581549 0.179480 1.000000
-0.990793 -0.084528 1.000000
-0.854744 0.159055 0.000000
-0.001245 -0.852482 1.000000
0.009534 -0.483514 1.000000
0.078001 0.394531 1.000000
-0.978782 -0.344786 0.000000
-0.313773 1.349949 0.000000
-0.722164 0.015235 0.000000
-0.141425 -0.484797 1.000000
-0.799474 -0.594507 1.000000
0.401057 -0.977672 0.000000
-0.918174 -0.180741 0.000000
0.260683 -0.983738 1.000000
0.191691 0.461563 0.000000
0.308521 0.052474 1.000000
-0.144910 0.632630 0.000000
-0.985167 -0.714040 0.000000
-1.246750 0.444755 0.000000
0.866437 -0.409927 1.000000
-1.006111 0.467526 0.000000
0.242400 0.737163 1.000000
0.933383 0.301371 0.000000
0.096634 -0.629598 1.000000
-1.574056 0.253514 0.000000
0.005908 0.446936 1.000000
0.216602 0.067928 1.000000
0.510110 -0.557338 0.000000
-0.131058 1.121375 0.000000
-0.462361 -0.349654 1.000000
-0.107791 0.787094 1.000000
-0.898485 0.628187 0.000000
-0.183055 -0.567243 1.000000
0.643551 0.905439 0.000000
-0.447057 0.597748 1.000000
-0.799068 -0.008751 1.000000
-0.721167 -0.229931 1.000000
-0.057516 0.740697 0.000000
0.678791 -1.106290 0.000000
-0.451462 0.964075 0.000000
0.082162 -0.622123 1.000000
-0.567289 -0.678836 0.000000
0.841759 -0.164173 1.000000
-0.727416 -0.241022 1.000000
0.432281 -1.129543 1.000000
-0.158818 1.226615 0.000000
-0.699108 0.091042 1.000000
0.180029 -0.374867 1.000000
-0.980689 -0.242351 0.000000
0.526151 1.208864 0.000000
0.060056 1.073084 0.000000
1.047763 0.005682 0.000000
-0.020930 0.151369 1.000000
0.458261 -1.045268 1.000000
-0.382175 -0.915413 0.000000
-0.563796 -1.019224 1.000000
0.031863 1.046681 0.000000
-0.152275 -0.982975 1.000000
0.364222 0.299442 1.000000
0.379927 0.391512 0.000000
-0.660984 -0.147804 1.000000
-1.051138 -0.056243 1.000000
-0.898736 0.150382 1.000000
-0.733912 0.481177 0.000000
0.418816 0.751638 0.000000
0.028469 0.886175 1.000000
-0.325017 -0.390830 0.000000
-0.872200 -0.456447 0.000000
-0.572109 -0.674951 0.000000
-0.091061 -0.830789 1.000000
0.399860 0.656653 1.000000
0.166444 0.870063 0.000000
0.702687 -0.919994 0.000000
0.482706 -0.509849 1.000000
0.435380 0.279893 1.000000
0.936067 0.530860 0.000000
1.269737 0.138687 0.000000
-0.939283 -0.196287 0.000000
-0.388355 -0.474274 0.000000
0.470418 0.935004 1.000000
1.423508 -0.409875 0.000000
-0.476421 1.192784 0.000000
0.189161 0.488576 1.000000
0.880512 -0.420242 0.000000
-0.468050 -0.615258 0.000000
-1.063216 -0.283922 0.000000
0.790727 -0.731790 0.000000
0.759312 0.944345 0.000000
0.647101 0.115877 0.000000
-1.069489 0.392687 1.000000
-0.957097 -0.702657 0.000000
-0.230783 0.288732 1.000000
-0.220077 -1.114098 1.000000
0.267705 -0.569115 1.000000
0.402034 -0.982407 0.000000
0.636592 1.287209 0.000000
-0.764188 0.287761 1.000000
0.217250 -0.872552 0.000000
0.912521 -0.170405 0.000000
-0.519185 0.787280 0.000000
0.137681 -0.856541 0.000000
-0.106020 -0.399583 1.000000
0.382281 0.287316 1.000000
-1.532879 0.293288 1.000000
-0.174589 0.566952 0.000000
0.490935 0.507145 0.000000
1.316186 0.287457 0.000000
-0.649082 0.486066 1.000000
-0.526419 -0.795177 1.000000
0.341955 -1.104408 1.000000
-0.240314 -0.221478 1.000000
-0.829063 -1.215057 0.000000
-0.956693 -0.341646 0.000000
0.466087 -0.065503 1.000000
0.492356 0.020714 0.000000
0.429929 -0.654926 1.000000
0.922495 -0.721224 0.000000
1.508607 -0.156422 0.000000
-0.055171 -0.809576 1.000000
0.857005 0.296344 0.000000
-1.113719 -1.011203 0.000000
1.099621 0.741392 0.000000
-0.682653 0.363617 1.000000
0.640858 0.068458 1.000000
0.895270 0.748514 0.000000
1.117130 -0.975882 0.000000
0.078290 -1.056218 0.000000
0.016739 0.685114 1.000000
-0.019250 0.346677 1.000000
-0.734327 -0.111923 0.000000
-0.270067 0.465159 1.000000
-0.538521 0.518071 1.000000
-0.063470 0.712992 1.000000
0.040338 -0.639506 0.000000
0.488469 -0.398580 1.000000
-0.170005 -0.686883 1.000000
0.154926 -0.946757 1.000000
1.073467 0.774381 0.000000
-0.806256 1.074400 0.000000
-0.927638 0.846351 1.000000
0.925754 0.170895 1.000000
-0.727097 0.405543 1.000000
-0.922389 0.530502 1.000000
0.490945 0.139560 1.000000
0.387571 -0.829469 1.000000
0.219694 -0.419202 1.000000
1.130775 -0.291761 0.000000
0.483966 -0.655968 1.000000
0.569839 -0.810008 0.000000
-1.001613 -0.217553 0.000000
0.349422 -0.603330 1.000000
-0.463433 0.367683 1.000000
-0.331930 0.522282 0.000000
-0.583309 0.971495 0.000000
0.579835 0.249389 1.000000
-0.704036 -0.716795 1.000000
0.071325 -1.244439 0.000000
0.290826 0.236878 1.000000
-1.131514 -0.637380 1.000000
0.184719 -0.454242 1.000000
-0.745043 0.388263 1.000000
-0.317795 -0.700796 1.000000
0.391899 -0.939281 0.000000
0.549897 0.163845 1.000000
0.949187 -0.158634 1.000000
-0.015844 -0.922510 1.000000
-0.740675 -0.730540 0.000000
-0.684982 -0.582575 0.000000
0.017431 0.417762 0.000000
0.785981 -0.929412 0.000000
-0.104979 -0.824170 1.000000
-0.101683 0.885688 1.000000
0.460271 -0.586790 1.000000
0.536156 1.000933 0.000000
-1.356843 0.441411 0.000000
0.979933 -0.661382 0.000000
-0.146053 1.225697 1.000000
-0.814718 0.508904 1.000000
0.980188 0.260651 0.000000
-0.054143 1.097203 0.000000
-0.453193 -0.057717 0.000000
0.506000 0.211515 0.000000
-0.828198 -0.616886 0.000000
-0.473144 -0.038035 1.000000
1.003911 1.257424 0.000000
-0.171376 0.542569 1.000000
-0.146085 0.090032 0.000000
-0.011156 0.452317 1.000000
0.308977 0.978509 0.000000
-1.330200 -0.843919 0.000000
0.238672 -1.617084 0.000000
0.279962 -0.256185 1.000000
-0.580704 1.145559 0.000000
-0.590491 -0.431355 1.000000
0.683323 1.309436 1.000000
-0.131182 0.032100 0.000000
0.229881 0.556002 1.000000
0.086184 -0.326946 0.000000
0.790091 -0.338175 1.000000
-0.076135 -0.604885 0.000000
-0.125138 0.803058 1.000000
-1.126868 0.068810 0.000000
1.151493 -0.223783 0.000000
-0.569130 -0.309855 1.000000
0.552029 -0.910667 1.000000
-0.469020 0.762824 1.000000
-0.016475 -0.685488 1.000000
-0.999291 -0.346951 0.000000
0.367894 0.097495 1.000000
-0.651122 1.544808 1.000000
-0.297548 -0.735555 1.000000
-0.735093 -0.734548 0.000000
-0.831810 -0.338904 1.000000
0.867026 -0.655110 0.000000
-1.239360 0.335108 1.000000
0.843423 0.686678 1.000000
-0.703364 1.284277 1.000000
0.827863 0.288986 0.000000
-0.590946 -0.070633 0.000000
0.750277 0.204663 0.000000
0.045311 0.296608 1.000000
0.125294 -0.174947 1.000000
-1.118001 -0.699432 0.000000
0.808072 0.147033 0.000000
0.524886 0.281109 1.000000
-0.589368 -0.871388 1.000000
0.844602 -0.710754 1.000000
0.409190 0.940538 0.000000
-0.534205 -0.181015 1.000000
-1.070323 0.465755 1.000000
-0.657392 0.766000 1.000000
1.181579 -0.160008 0.000000
-0.484929 0.413415 1.000000
0.646299 -0.578969 1.000000
-0.363889 1.084893 0.000000
-0.710181 0.540752 1.000000
0.011275 0.469179 1.000000
-0.124051 0.801382 0.000000
0.504902 -0.517564 0.000000
0.619778 -0.358258 1.000000
1.238978 0.151442 0.000000
0.780819 -0.532753 1.000000
0.489199 -0.213797 0.000000
-0.622119 0.362341 1.000000
0.604274 0.901059 0.000000
0.237018 0.503175 1.000000
-0.194246 0.128446 1.000000
1.069941 0.221559 1.000000
-0.504808 0.637575 1.000000
-0.567914 -0.008580 1.000000
0.014560 -0.950808 0.000000
0.352069 -1.262330 0.000000
0.319449 0.916831 0.000000
0.281913 0.865476 0.000000
0.616118 1.371038 0.000000
0.632320 -0.313745 1.000000
-0.392951 -0.478158 1.000000
0.377348 0.630273 1.000000
-0.209778 0.729779 1.000000
1.410455 0.328859 0.000000
0.071632 -0.714441 1.000000
-0.459087 1.048997 0.000000
-0.442355 0.197854 1.000000
0.544487 0.271238 1.000000
0.547827 0.763519 0.000000
-0.004643 -1.259928 1.000000
-0.334420 1.171093 0.000000
-0.805827 0.116508 1.000000
0.592244 -0.717257 1.000000
-1.004746 0.183166 0.000000
0.731002 0.139401 0.000000
-0.519611 -0.658114 0.000000
1.036216 -0.329396 1.000000
0.108899 0.652235 1.000000
0.756452 0.918182 0.000000
0.655534 -0.699420 1.000000
-0.460192 -0.064323 1.000000
0.440214 -0.692555 0.000000
0.604859 -0.518248 1.000000
0.552582 0.919714 1.000000
0.723406 1.026979 0.000000
-0.379694 -0.699761 1.000000
-0.769869 0.688252 0.000000
0.278278 0.483064 1.000000
-0.929120 0.274471 1.000000
0.645807 0.240810 0.000000
0.548007 0.712626 0.000000
-1.142509 0.853581 0.000000
-0.436954 -0.911345 0.000000
1.274290 -0.383312 0.000000
0.943887 -0.588051 1.000000
0.722847 -0.429812 0.000000
0.701420 -0.551963 0.000000
-0.942408 -0.359060 0.000000
-0.902543 0.366629 1.000000
0.276598 0.151619 1.000000
0.956987 1.070001 0.000000
-0.574380 -0.251989 1.000000
0.636984 0.451900 0.000000
0.161122 -0.299514 0.000000
-0.930638 0.525544 0.000000
-0.665263 -0.279013 1.000000
-0.117495 -0.665908 0.000000
0.292266 1.196590 0.000000
-1.134179 0.914893 0.000000
0.480669 -0.734609 1.000000
0.795610 0.617662 0.000000
0.718388 -0.141899 1.000000
1.321260 0.134068 0.000000
0.327803 1.208248 1.000000
-0.036565 -0.243999 1.000000
0.831030 -0.747348 1.000000
0.008427 0.655635 1.000000
0.133073 -0.572104 1.000000
0.504345 -0.378956 1.000000
-0.820464 -1.128319 0.000000
0.763581 0.227285 0.000000
0.633498 -0.484983 1.000000
-1.237747 -0.477611 1.000000
0.813536 0.147824 0.000000
0.231745 -0.676361 1.000000
-0.614705 -0.432451 1.000000
-0.018112 0.738423 1.000000
0.030909 0.604048 1.000000
0.906878 0.054423 0.000000
0.020999 -0.044462 1.000000
-0.670106 -0.431422 1.000000
1.029920 -0.256525 1.000000
-0.123301 0.831253 0.000000
-0.822528 1.012084 0.000000
-0.819520 -0.451324 0.000000
-0.823042 0.993335 0.000000
0.987914 -1.147431 0.000000
-0.118161 1.088924 0.000000
-0.265650 -1.235705 0.000000
-0.665559 0.992488 1.000000
0.564108 1.430898 0.000000
-0.488170 -0.733231 1.000000
0.141359 -1.463880 0.000000
-0.995823 0.252037 1.000000
0.716013 1.496105 0.000000
0.823158 -0.650934 0.000000
0.631053 -0.107710 0.000000
0.239556 -0.974239 0.000000
-0.091904 -1.122546 0.000000
-0.532071 0.254647 1.000000
0.410479 0.737484 0.000000
-0.384413 0.921813 0.000000
-0.887339 0.742029 0.000000
-0.915881 0.779427 0.000000
-0.895640 -0.254301 0.000000
-0.071430 -0.959463 0.000000
-0.470720 -0.537357 1.000000
-0.156664 -0.947028 0.000000
0.718374 -0.325956 0.000000
-0.184535 0.616863 1.000000
-0.522079 0.657158 1.000000
0.449918 0.703308 1.000000
0.179485 -0.214285 1.000000
-0.369926 0.072984 1.000000
-0.701802 -1.057965 0.000000
0.458304 0.226089 0.000000
-1.268465 -0.158641 0.000000
-0.760987 0.849101 0.000000
0.926295 -0.276459 0.000000
0.459801 -0.811409 0.000000
0.539721 0.367626 0.000000
-0.085869 0.948327 0.000000
-0.415691 -0.704922 1.000000
0.788244 0.061286 1.000000
0.847476 -0.858473 0.000000
0.855138 -0.888618 0.000000
-0.266915 -0.273740 1.000000
-0.247788 -1.223620 0.000000
1.120475 -0.371106 0.000000
0.712215 -0.091023 1.000000
-0.875114 0.188073 1.000000
1.244406 0.632281 1.000000
-0.003206 -0.492715 1.000000
-0.588759 -0.325367 1.000000
1.095604 0.104272 0.000000
-0.727023 -0.077618 0.000000
-0.014484 0.438733 1.000000
0.031298 -0.608937 1.000000
0.709143 1.110307 0.000000
-0.687997 0.540643 0.000000
-1.030007 0.406968 0.000000
0.202468 0.084670 1.000000
-0.065932 -1.258499 0.000000
-1.096298 0.933621 0.000000
-0.127709 -1.203845 0.000000
-0.310241 -0.357438 1.000000
-0.479168 0.636207 1.000000
-0.085248 1.401917 0.000000
-0.715541 0.278490 0.000000
0.786713 0.386127 0.000000
-0.184404 0.635578 1.000000
0.920595 -0.260126 1.000000
0.300204 -0.754803 1.000000
-0.065426 0.887760 1.000000
-1.120465 -0.211258 0.000000
-0.437503 0.313007 1.000000
-0.620046 0.927501 1.000000
-1.070694 -0.065338 1.000000
0.460636 -1.303669 0.000000
-0.325696 0.311008 1.000000
1.079681 -0.452395 0.000000
-0.275899 0.607357 0.000000
0.781625 0.058529 1.000000
0.344496 0.894276 0.000000
0.101045 0.394299 1.000000
-0.334724 -0.592496 1.000000
-0.859732 -0.894896 0.000000
-0.120876 0.629843 1.000000
-0.661599 -0.330131 0.000000
-1.124953 -0.169364 1.000000
1.148830 -0.231854 0.000000
1.019540 0.544459 1.000000
-1.643662 -0.391315 0.000000
0.885997 0.656908 0.000000
-0.400015 0.389570 0.000000
-0.717146 -0.253545 0.000000
0.138452 -0.514864 1.000000
0.350697 -0.560847 1.000000
0.246683 -1.077590 0.000000
0.412135 1.628311 0.000000
1.369200 0.396868 0.000000
-0.450815 -0.207929 0.000000
-0.419120 -0.902488 1.000000
1.157546 -0.054364 0.000000
-0.394922 0.290725 1.000000
-0.035662 0.439134 1.000000
0.423839 0.509086 0.000000
-0.163692 -1.234555 1.000000
0.870223 -0.810794 0.000000
-0.112295 -0.572499 1.000000
0.461407 0.496444 0.000000
-0.493422 0.829521 1.000000
-0.173919 0.746343 0.000000
0.547970 0.301805 1.000000
1.138474 0.271425 0.000000
-0.843605 1.091834 0.000000
1.351755 -0.748106 0.000000
-0.414371 -0.419563 1.000000
-0.443821 -0.672802 1.000000
0.658524 -0.452913 1.000000
-1.234670 0.781166 0.000000
-0.982827 0.735340 0.000000
-1.266067 -0.122693 0.000000
0.202082 -0.627213 1.000000
-0.178701 -0.850185 0.000000
0.232160 0.808337 1.000000
1.037767 1.188758 0.000000
0.742800 0.438801 1.000000
0.707273 0.553585 1.000000
-0.232497 0.481467 1.000000
-0.601958 -0.424485 1.000000
0.157040 -1.070903 1.000000
0.766908 0.139241 0.000000
1.154186 -0.257149 0.000000
-1.526900 0.261927 0.000000
-0.937231 0.020977 0.000000
-0.273051 -0.792250 1.000000
0.873196 -0.010663 0.000000
-0.661910 0.213979 0.000000
0.259264 -0.832838 0.000000
0.271006 0.216569 0.000000
0.134181 0.386566 0.000000
0.310033 0.498234 1.000000
0.962929 0.352449 0.000000
0.277259 0.318258 0.000000
-0.597042 0.380091 0.000000
-0.199009 -0.768540 0.000000
0.299922 -0.091457 1.000000
0.027440 -1.328069 0.000000
0.353930 0.732397 1.000000
-0.535809 -0.716094 0.000000
0.013663 -0.933175 1.000000
1.410836 -0.136894 0.000000
-0.540960 -0.901500 1.000000
0.210799 -0.500649 0.000000
0.311933 -0.686148 1.000000
1.033237 -0.442601 0.000000
-0.146125 -0.370227 1.000000
-0.487242 0.764717 0.000000
-1.115734 0.202080 0.000000
0.330602 -0.965491 0.000000
0.052796 -0.338442 1.000000
0.332806 -0.800704 0.000000
0.392506 -0.696915 1.000000
0.150956 0.912284 0.000000
0.819110 0.798591 1.000000
-0.224060 0.160370 1.000000
-0.400440 0.078254 1.000000
-1.208189 0.498636 1.000000
0.149918 0.452248 0.000000
-1.067098 -0.234406 0.000000
1.289793 0.942120 0.000000
-0.439753 0.876168 1.000000
-0.208439 1.047268 0.000000
-0.692209 -0.770977 1.000000
-0.024280 -0.470267 1.000000
0.435262 -0.284055 1.000000
0.294828 0.961611 1.000000
0.436182 0.996670 1.000000
-1.040145 0.029007 1.000000
-0.688203 0.243513 1.000000
0.284245 0.857599 1.000000
-0.326936 0.028078 1.000000
0.837256 -0.462566 1.000000
-0.177178 0.247252 1.000000
0.961114 0.091159 0.000000
0.438288 0.270402 1.000000
0.590631 -0.633071 1.000000
-1.255422 0.664658 0.000000
0.166973 -1.204752 0.000000
-0.547178 -0.792823 0.000000
0.370671 -0.400258 0.000000
1.452924 0.566502 0.000000
-0.219204 0.697477 1.000000
-0.846445 0.064260 1.000000
0.689175 -0.306291 1.000000
-0.255604 0.269015 1.000000
-0.635466 0.516164 1.000000
0.349561 0.686479 1.000000
1.402477 -0.680964 0.000000
-1.095579 -0.784794 0.000000
0.093899 -1.114972 1.000000
1.205570 0.687861 0.000000
-1.044103 0.242784 1.000000
-0.695728 0.221360 1.000000
1.351339 -1.430554 0.000000
1.251074 0.027396 0.000000
-0.698360 -0.461856 1.000000
0.641991 1.140667 1.000000
-0.383199 -0.219951 1.000000
-0.060541 0.829858 1.000000
-0.330050 0.493586 1.000000
0.817741 -0.845678 0.000000
0.846569 -0.056478 1.000000
-0.138908 -0.288440 1.000000
-0.921414 -0.299117 0.000000
-0.640018 -0.042408 1.000000
0.431397 0.915662 0.000000
-0.744118 -0.107639 1.000000
0.261566 0.574332 1.000000
-1.218783 -0.371424 0.000000
-1.131172 -0.891688 0.000000
-0.740766 -0.662287 0.000000
-0.030002 -0.412611 1.000000
-0.112155 0.624061 0.000000
-1.132217 -0.408087 1.000000
0.027196 -0.900703 0.000000
-0.328799 -0.678006 0.000000
0.941691 0.996844 1.000000
-0.917923 0.263930 1.000000
-0.758804 0.631961 0.000000
-0.061246 -1.273312 1.000000
0.255655 -0.635681 1.000000
-0.137622 0.153764 0.000000
-0.160849 -0.657781 1.000000
0.477550 -1.172009 0.000000
0.578343 0.332728 1.000000
0.434791 0.671848 1.000000
0.722117 0.561871 0.000000
0.041736 -0.995932 1.000000
-1.130094 0.425264 0.000000
-0.680540 0.969020 1.000000
0.568424 -0.669869 0.000000
1.010510 -0.305018 0.000000
-0.011263 0.433004 1.000000
-0.813439 0.878039 1.000000
0.232603 1.090326 0.000000
-0.419721 -0.851166 1.000000
-0.955009 -0.842369 0.000000
-1.378273 -0.182645 1.000000
-0.279668 1.200439 1.000000
0.739938 0.215978 0.000000
-0.094524 0.186655 1.000000
0.288596 1.060505 0.000000
-0.000090 0.971941 1.000000
0.695963 -0.804526 1.000000
0.311929 0.927007 0.000000
-0.239603 -0.455805 1.000000
0.457270 1.040336 0.000000
0.715734 -0.099244 0.000000
0.155031 -0.590740 1.000000
0.184928 0.917582 1.000000
-0.165357 -0.944810 0.000000
-0.127947 -1.038017 0.000000
0.643070 0.105344 1.000000
-0.912852 0.070631 1.000000
0.000732 0.564708 1.000000
-0.640227 -0.218534 1.000000
1.115689 0.573114 0.000000
-0.604609 0.147305 1.000000
1.002671 -0.241278 0.000000
-0.238788 -0.391806 1.000000
0.520068 0.248341 1.000000
0.377637 -0.630010 0.000000
-0.704717 0.412486 1.000000
-0.649432 -0.507082 1.000000
0.785272 0.216302 1.000000
-0.889233 0.652362 0.000000
-0.454541 0.403430 0.000000
0.837813 -0.309923 1.000000
0.751017 -0.319897 1.000000
0.126189 0.676464 1.000000
-0.148196 -0.455811 0.000000
0.220667 -0.523921 0.000000
0.072824 -0.777678 0.000000
-0.308407 -0.050458 1.000000
-0.819084 0.614747 1.000000
0.463993 0.912106 1.000000
0.862851 -0.059261 1.000000
0.779016 -0.391930 1.000000
0.070355 -0.446362 0.000000
0.992327 -1.032498 1.000000
0.780880 -0.338294 0.000000
-1.003747 0.210396 1.000000
0.489747 -0.455465 0.000000
0.462989 -0.989356 1.000000
-0.410090 -0.748036 0.000000
-0.853252 -0.675268 0.000000
-0.626088 1.571739 0.000000
0.613513 -0.413844 0.000000
-0.192601 -0.283011 1.000000
-0.422488 -0.778519 1.000000
0.556734 -0.423749 1.000000
-0.090670 -1.214347 0.000000
0.576407 -1.094863 0.000000
0.931418 -0.631377 1.000000
-0.743027 0.671532 0.000000
-0.241585 -0.763285 1.000000
0.364284 -0.064223 1.000000
-0.418290 -0.789281 1.000000
0.676446 -0.447207 1.000000
-0.044013 -1.333198 1.000000
0.682660 -1.006489 1.000000
-0.784936 -0.089373 1.000000
0.818987 -0.195454 0.000000
0.438765 -0.837088 0.000000
-0.679073 0.911548 1.000000
-0.275758 -0.781185 1.000000
-0.907297 -0.341334 0.000000
-0.572959 -0.438528 1.000000
0.240150 0.092837 1.000000
0.222534 -0.225907 1.000000
1.177322 0.415626 1.000000
0.361908 -0.305205 0.000000
0.721316 -0.838413 0.000000
1.186658 -0.524467 1.000000
0.421644 -0.999554 0.000000
-0.154580 -0.388255 1.000000
-0.730480 0.589007 1.000000
-1.354360 0.103353 0.000000
0.059884 -0.562385 1.000000
1.592936 -0.176000 0.000000
0.932184 -0.430607 0.000000
0.973135 0.479353 1.000000
0.710262 -0.498750 0.000000
-0.500119 0.899692 0.000000
-0.141350 -0.639343 1.000000
-0.573371 0.381867 0.000000
0.293439 -0.466848 1.000000
-0.980891 -0.158721 1.000000
-0.109106 -0.361676 1.000000
-0.297346 0.229872 1.000000
0.134676 -0.117819 0.000000
0.595871 1.212389 0.000000
-0.455607 -0.399080 1.000000
-0.278735 -0.639835 0.000000
0.564532 1.669278 0.000000
0.497591 -0.436832 1.000000
-0.178892 -0.821848 1.000000
-0.826809 0.207083 0.000000
0.538171 -0.244713 1.000000
-0.571230 0.982668 0.000000
0.217222 0.825468 1.000000
0.810920 -0.499467 1.000000
-0.235310 0.346796 0.000000
0.614668 0.582575 1.000000
0.681243 0.296912 1.000000
0.174058 0.311074 1.000000
-0.916552 0.508262 0.000000
0.929477 0.736563 0.000000
-0.228330 -1.091274 0.000000
0.339463 0.300167 0.000000
-0.027587 0.213528 1.000000
1.068127 -0.495400 0.000000
-0.700361 -0.919182 0.000000
-0.416531 -0.728414 1.000000
0.117773 0.657469 0.000000
-0.570192 0.501609 0.000000
0.670212 0.552599 1.000000
0.796096 0.324554 1.000000
0.069920 0.433616 1.000000
-1.030953 -0.024424 0.000000
0.065061 -0.149554 1.000000
-0.473287 -0.488604 0.000000
0.447077 -1.084774 0.000000
0.685120 0.925012 0.000000
-0.673923 0.755002 1.000000
-0.273510 1.100445 1.000000
-0.013114 0.219076 1.000000
-0.696555 1.039576 0.000000
-0.885574 0.963974 0.000000
-0.940638 0.478775 0.000000
-0.930960 0.647594 0.000000
-0.442443 0.626159 0.000000
-0.826286 0.645940 0.000000
0.261309 -0.725364 0.000000
-0.537829 -0.726959 1.000000
0.549616 -0.659801 0.000000
-0.208189 0.853965 1.000000
0.572007 1.008893 0.000000
1.511928 -0.049805 0.000000
0.420793 0.362752 0.000000
-1.144555 0.774188 0.000000
-0.354029 0.876496 0.000000
0.905817 0.262802 1.000000
-0.640932 0.891165 0.000000
1.117478 -0.328910 0.000000
-0.313189 -1.372557 0.000000
0.648718 0.240576 1.000000
-0.803896 -0.189598 1.000000
0.437846 0.268734 1.000000
-0.200338 -1.567057 0.000000
0.596530 0.749211 0.000000
-0.356869 1.293158 0.000000
-0.774356 -0.885175 0.000000
-0.728855 -0.232518 0.000000
0.722911 -0.303481 1.000000
0.434695 -0.701404 0.000000
-0.865349 0.246575 0.000000
-0.031640 -1.325180 0.000000
-0.523700 -0.669309 1.000000
0.344810 -0.093544 1.000000
-0.643764 -0.834465 1.000000
-0.049383 -1.152715 1.000000
0.786299 -0.794317 1.000000
0.059975 0.173977 1.000000
-1.024671 0.706241 1.000000
0.514535 0.605059 1.000000
0.798992 -0.110527 1.000000
-0.526785 -0.933499 0.000000
0.027465 -1.023158 0.000000
0.718631 -0.053984 1.000000
0.775026 0.330925 0.000000
-1.093926 -0.812416 0.000000
0.732552 0.730119 1.000000
1.331990 0.350730 0.000000
-0.166093 0.754956 0.000000
-0.382655 0.163492 0.000000
0.338788 -0.639549 1.000000
0.885124 -0.489891 0.000000
-0.228895 -0.757228 1.000000
-0.535042 0.955120 1.000000
-0.295056 -0.604132 1.000000
1.219566 -0.282840 0.000000
0.290764 -0.324096 0.000000
-0.232331 0.540145 1.000000
0.040045 0.487963 1.000000
-0.224023 0.662579 1.000000
-0.956448 0.237108 0.000000
-0.178464 0.354654 1.000000
0.345343 0.969138 1.000000
0.712991 -0.255729 1.000000
0.029079 0.944481 1.000000
-0.468316 -0.181338 0.000000
0.529142 -0.122131 0.000000
-0.522408 -0.092354 1.000000
0.819332 -0.467190 0.000000
-0.033384 -0.814152 1.000000
-1.460890 -0.252903 0.000000
0.269804 0.139493 1.000000
-0.525063 -0.713688 0.000000
-0.493547 -0.354890 1.000000
-1.121131 0.357232 1.000000
-0.237981 0.297602 1.000000
0.774576 0.082086 1.000000
0.928373 0.059101 0.000000
0.790730 0.382559 1.000000
0.214202 1.016345 0.000000
-0.660414 0.397183 1.000000
0.770254 -0.602293 1.000000
-0.662872 0.066554 1.000000
-0.702275 0.710344 0.000000
-0.590784 1.246613 0.000000
0.491684 0.417651 1.000000
0.521472 -0.010180 1.000000
-1.036757 0.198567 0.000000
-0.698171 -0.362378 1.000000
0.244846 0.327444 1.000000
0.261051 1.402741 0.000000
-1.423917 0.796724 0.000000
-0.983810 -0.180029 1.000000
-0.607871 0.474142 0.000000
0.395123 -0.625274 0.000000
0.805443 -0.245923 0.000000
0.384837 -0.418952 0.000000
-0.708811 -0.805393 0.000000
0.825200 0.319097 1.000000
-0.731320 1.004299 0.000000
-0.928194 0.350052 0.000000
0.683159 -0.769019 0.000000
0.940320 0.741008 0.000000
0.146304 -0.739261 1.000000
0.767959 -0.337322 1.000000
-0.367491 0.972232 0.000000
0.997431 -0.306547 1.000000
0.618606 -0.423734 0.000000
0.850111 0.442635 1.000000
-0.275919 -0.477981 1.000000
0.942946 0.443915 0.000000
0.534131 0.740239 0.000000
-0.080893 -0.586285 1.000000
0.990575 -0.002319 1.000000
0.098983 -0.575454 0.000000
0.170051 -0.071184 1.000000
0.475735 1.130102 0.000000
-0.873230 -0.157958 0.000000
-0.180399 0.596272 1.000000
0.542627 -0.398733 1.000000
0.503132 -0.099230 0.000000
0.595049 -0.033387 0.000000
0.046298 -0.472564 1.000000
0.963279 0.125463 1.000000
1.537218 -0.014787 0.000000
-0.332120 -0.689211 1.000000
0.578948 0.782130 1.000000
-0.860976 0.168599 1.000000
-0.853422 -0.595283 0.000000
-0.600497 0.864129 1.000000
0.863504 0.103035 0.000000
-0.777625 0.075175 0.000000
-1.258263 -1.398094 0.000000
-0.218232 1.385400 0.000000
0.730746 -0.948612 1.000000
-0.588070 1.503940 0.000000
0.715517 0.449609 0.000000
0.073106 0.929735 0.000000
0.556815 -0.579448 1.000000
-0.916407 -0.434153 0.000000
0.584540 -0.864799 0.000000
-0.077113 -0.206375 1.000000
-0.352513 0.449898 1.000000
-0.302442 -0.161086 1.000000
-0.711463 1.075830 0.000000
0.785160 -0.198960 1.000000
0.007816 0.687745 1.000000
-0.554620 0.021782 1.000000
-0.865646 -0.042877 1.000000
0.809840 0.828233 1.000000
-0.437036 0.856325 1.000000
-1.193020 0.882462 0.000000
0.127108 -0.872844 1.000000
0.614633 0.527724 0.000000
-0.094437 -0.212566 1.000000
-0.793990 -0.443364 1.000000
1.069699 -0.685498 0.000000
-0.806464 0.579214 1.000000
0.346152 -0.875712 0.000000
1.248005 0.121932 0.000000
0.733352 0.957446 0.000000
-0.652121 0.569682 1.000000
-0.439999 0.462056 1.000000
-1.085322 -0.515127 1.000000
0.935499 0.745655 0.000000
-0.717863 -0.404757 1.000000
1.084670 -0.437309 0.000000
-0.475341 -1.153396 0.000000
-0.201902 -0.503547 1.000000
-0.284450 0.705406 1.000000
-0.520937 -1.592932 0.000000
0.973390 0.001348 0.000000
0.844034 -0.111295 1.000000
0.233810 -1.140516 1.000000
0.037861 -1.066090 1.000000
-0.039128 -1.251236 0.000000
-0.758494 -0.296570 1.000000
0.134586 0.914843 1.000000
-0.330612 -0.845541 1.000000
-0.212119 0.505100 1.000000
-0.400596 -1.228808 0.000000
0.760174 0.581298 1.000000
-0.015069 1.065185 0.000000
-0.612295 -0.681878 0.000000
0.754935 -0.107689 1.000000
0.163592 0.427224 1.000000
-0.520030 -0.894374 1.000000
0.085681 -0.737716 0.000000
-0.999052 -0.170123 0.000000
0.198275 0.674106 1.000000
-0.534679 -0.235695 1.000000
-0.622092 -0.215845 1.000000
-0.289006 1.106032 1.000000
-0.907775 -0.627670 0.000000
-0.182574 0.657350 1.000000
-0.760398 -0.674897 0.000000
0.846827 0.900564 0.000000
-1.226661 0.520241 1.000000
-0.377207 -1.533701 0.000000
0.945598 0.509927 0.000000
-1.509524 0.579298 0.000000
0.798612 0.655142 0.000000
0.777416 -0.436342 0.000000
1.171507 0.506296 0.000000
-0.833412 0.389618 0.000000
-0.771581 -0.307237 1.000000
-0.258097 1.374572 0.000000
0.096564 1.513766 1.000000
0.014112 -0.379370 1.000000
0.455835 0.192200 0.000000
0.428728 0.828551 1.000000
0.396448 -0.555195 1.000000
-0.899016 -0.371486 0.000000
-0.728394 0.317945 1.000000
0.740610 0.890760 1.000000
-0.195182 -0.438200 1.000000
-0.305370 0.924750 1.000000
0.401631 0.753319 0.000000
-0.157963 -0.449547 1.000000
-1.033976 -0.274538 0.000000
1.127091 0.787588 0.000000
0.626449 -0.439685 1.000000
0.731165 0.381195 1.000000
0.318768 0.720884 1.000000
-0.717917 -0.583587 0.000000
0.890082 0.773097 0.000000
-0.077467 0.958128 0.000000
0.081849 -1.242674 0.000000
0.910036 -0.244781 0.000000
1.365231 -0.661705 0.000000
0.379721 0.504115 1.000000
-0.011668 0.709816 1.000000
-0.405883 -0.740040 1.000000
0.775973 -0.880797 0.000000
0.937698 0.981065 0.000000
-0.576680 -0.479435 1.000000
-0.542420 0.275210 1.000000
-0.030147 0.349518 1.000000
0.372295 0.234523 1.000000
0.760273 0.303066 1.000000
-1.224505 -1.664708 0.000000
0.497863 -0.854268 0.000000
-0.729421 -0.391517 1.000000
-0.302919 0.952774 0.000000
-0.036709 1.350918 0.000000
0.174137 1.369365 0.000000
0.676711 -0.386466 0.000000
-1.248056 0.078464 1.000000
-0.641465 0.866400 1.000000
-0.799172 0.984991 0.000000
-0.075468 -1.046241 1.000000
1.069005 0.344668 0.000000
0.684430 -0.118303 1.000000
-0.146472 -1.808458 0.000000
0.763521 -0.804081 1.000000
-0.887073 -0.464415 1.000000
-1.028677 0.304804 0.000000
0.707173 -0.946667 1.000000
-0.212918 -1.335520 0.000000
0.444797 -0.187209 1.000000
0.489671 -0.770140 1.000000
-0.532547 1.330708 0.000000
-0.048345 0.918440 0.000000
-0.602194 0.678331 0.000000
-1.107739 0.482342 0.000000
0.180197 -0.707936 1.000000
0.474625 -0.765492 1.000000
-0.327547 0.446184 1.000000
-0.518371 0.351434 1.000000
-0.431514 0.463966 1.000000
0.808469 0.172163 1.000000
-0.517470 -0.863568 1.000000
-0.492882 -0.560762 1.000000
-0.202962 0.315756 1.000000
0.188800 -1.390571 1.000000
-1.398814 0.434732 0.000000
-1.164794 -0.611084 1.000000
0.806094 0.688878 1.000000
-1.158644 0.186230 0.000000
0.275672 -0.384118 0.000000
-0.782667 -0.033338 1.000000
0.694116 0.878546 0.000000
-0.533203 0.307231 0.000000
-0.381927 -0.861498 0.000000
-0.516074 0.953839 0.000000
0.778071 0.247101 0.000000
0.564978 0.289760 1.000000
-0.484446 -0.763612 1.000000
0.209237 -1.210981 0.000000
-1.058453 -0.133584 1.000000
0.684067 -0.998974 0.000000
1.023936 1.427573 0.000000
-0.356350 0.966823 0.000000
0.310691 0.794909 1.000000
-0.964431 0.427449 1.000000
0.396092 -0.579707 1.000000
1.144771 0.197506 0.000000
-1.132487 -0.384230 0.000000
-0.124974 -0.687566 0.000000
0.578576 -0.346314 1.000000
0.425932 0.085440 0.000000
0.463587 -0.510545 1.000000
-0.115334 -0.635679 0.000000
-0.936994 0.714699 0.000000
-0.211984 0.857412 1.000000
-0.282831 0.200875 1.000000
-1.323328 -0.894164 0.000000
1.041443 0.053102 0.000000
0.441260 -0.869473 1.000000
-0.629901 0.197192 0.000000
0.271547 -0.475266 1.000000
0.490896 -0.873692 1.000000
0.393873 0.043486 1.000000
0.756737 -0.921549 0.000000
-0.188482 -0.272712 1.000000
0.553226 0.239609 1.000000
0.952033 -0.193053 0.000000
-0.944645 -0.718619 1.000000
-0.913291 -0.670742 0.000000
0.651529 -0.003507 1.000000
0.849780 -1.097821 0.000000
-0.168665 0.096703 1.000000
-0.007802 -1.026803 1.000000
-0.757686 -0.470327 0.000000
-0.685584 0.291680 1.000000
1.307101 0.767706 0.000000
-0.882415 -0.448682 0.000000
-0.744314 0.055628 1.000000
0.889025 -0.268588 0.000000
0.568090 -0.585123 0.000000
0.596317 -0.042748 1.000000
-1.083785 -0.295482 0.000000
0.648488 -0.972334 1.000000
1.030115 -0.678775 0.000000
-0.761407 0.655743 0.000000
-0.450186 -1.022321 0.000000
-0.947299 0.010888 0.000000
