0.268908 -0.031470 1.000000
1.948351 0.117727 1.000000
1.503397 -0.411885 1.000000
-0.081017 0.471946 1.000000
0.491235 0.802544 0.000000
-0.657667 0.715447 0.000000
0.658482 -0.443390 1.000000
0.608080 0.777959 0.000000
0.302958 -0.156294 1.000000
1.867330 0.077847 1.000000
0.652949 0.829707 0.000000
1.940234 -0.051100 1.000000
0.303298 0.972478 0.000000
0.757891 0.720312 0.000000
1.050901 0.035168 0.000000
1.657707 -0.273558 1.000000
0.170994 0.236513 1.000000
0.862764 0.495131 0.000000
0.069603 0.300579 1.000000
0.114674 -0.076398 1.000000
0.637589 0.638377 0.000000
0.071362 1.011146 0.000000
0.751129 0.614294 0.000000
1.402063 -0.564549 1.000000
0.180221 1.056252 0.000000
0.770249 -0.558809 1.000000
-0.186678 0.991204 0.000000
1.918428 0.211304 1.000000
-0.931667 0.682175 0.000000
-0.655996 0.718996 0.000000
1.480312 -0.399140 1.000000
0.815409 0.513025 0.000000
0.037470 0.420905 1.000000
0.397050 -0.291742 1.000000
-1.072126 0.110944 0.000000
0.785581 -0.402660 1.000000
0.099205 -0.087353 1.000000
1.707685 -0.277480 1.000000
0.393141 -0.289238 1.000000
0.481472 0.856175 0.000000
1.339599 -0.460905 1.000000
1.053131 -0.474465 1.000000
1.050099 -0.538486 1.000000
1.973686 0.430394 1.000000
1.938540 -0.013177 1.000000
0.094158 0.093623 1.000000
0.482108 0.846996 0.000000
1.563621 -0.279491 1.000000
1.832031 0.022982 1.000000
0.894220 0.420342 0.000000
0.615495 -0.415565 1.000000
0.818193 0.660111 0.000000
-0.974359 0.395500 0.000000
0.892316 -0.498642 1.000000
1.616778 -0.351382 1.000000
-0.994809 0.378123 0.000000
0.146387 -0.083223 1.000000
-0.196637 0.951937 0.000000
0.610366 0.768387 0.000000
-1.102080 0.079028 0.000000
0.794632 0.636133 0.000000
0.891864 0.305944 0.000000
0.358167 -0.214073 1.000000
0.407701 0.946000 0.000000
0.992488 0.106530 0.000000
-0.017435 0.394355 1.000000
1.357577 -0.425774 1.000000
-0.603633 0.858484 0.000000
0.849899 0.389745 0.000000
0.811354 0.443469 0.000000
-0.902491 0.422509 0.000000
0.841992 0.486219 0.000000
1.990388 0.382075 1.000000
-0.917519 0.238946 0.000000
-0.159578 0.900877 0.000000
-0.292055 0.929539 0.000000
0.284629 0.915557 0.000000
0.241893 0.896768 0.000000
0.182704 1.044045 0.000000
1.987279 0.510164 1.000000
0.547040 0.821437 0.000000
0.813853 0.530664 0.000000
0.578250 -0.424094 1.000000
-1.000920 0.277866 0.000000
0.009409 0.323056 1.000000
-0.027035 0.191871 1.000000
0.445297 0.836338 0.000000
0.521310 -0.473133 1.000000
1.638561 -0.271782 1.000000
0.047094 0.931633 0.000000
1.020344 -0.040030 0.000000
1.686015 -0.181014 1.000000
0.908753 0.466313 0.000000
1.000594 0.194342 0.000000
0.193788 0.071888 1.000000
-0.388788 0.898989 0.000000
-0.613568 0.771892 0.000000
0.441077 -0.445694 1.000000
-0.849760 0.519033 0.000000
1.263555 -0.546448 1.000000
0.047092 1.015976 0.000000
0.105122 1.023221 0.000000
0.168039 0.086697 1.000000
1.395533 -0.471320 1.000000
1.972898 0.211046 1.000000
-0.878814 0.294186 0.000000
1.742898 -0.067152 1.000000
-0.256671 0.871665 0.000000
-0.282391 0.939351 0.000000
0.993744 0.185580 0.000000
0.345653 1.050047 0.000000
-0.522800 0.823282 0.000000
-0.634781 0.788215 0.000000
0.943186 -0.458702 1.000000
0.225140 -0.241929 1.000000
-1.045304 0.015917 0.000000
1.870222 0.108638 1.000000
-0.030191 0.095426 1.000000
1.672771 -0.147314 1.000000
1.935919 0.299558 1.000000
0.680556 -0.415918 1.000000
0.847762 -0.489985 1.000000
0.558683 0.784808 0.000000
0.324746 -0.268312 1.000000
-1.032803 0.152296 0.000000
0.185933 0.025582 1.000000
2.005466 0.323761 1.000000
1.909085 -0.018307 1.000000
1.947073 0.242046 1.000000
2.037339 0.393245 1.000000
0.948956 -0.407881 1.000000
0.054472 0.344764 1.000000
-0.603107 0.855739 0.000000
1.015514 0.153988 0.000000
-0.834653 0.680450 0.000000
0.372941 -0.323479 1.000000
1.074894 -0.444063 1.000000
-0.080962 0.972131 0.000000
-0.748863 0.627299 0.000000
0.312045 -0.229215 1.000000
1.039926 -0.014066 0.000000
0.014418 1.025090 0.000000
0.298399 -0.195859 1.000000
0.732130 -0.472298 1.000000
0.699446 0.597673 0.000000
-0.846247 0.600215 0.000000
1.042331 -0.572297 1.000000
-0.779241 0.515915 0.000000
-0.898139 0.456761 0.000000
-0.569381 0.855456 0.000000
-0.032022 0.337481 1.000000
-1.003534 0.039930 0.000000
1.988607 0.419226 1.000000
1.368196 -0.369272 1.000000
0.123103 0.260226 1.000000
1.073957 -0.453775 1.000000
1.295440 -0.438046 1.000000
-0.384700 0.895717 0.000000
-0.675486 0.658353 0.000000
-0.019719 0.979388 0.000000
1.239474 -0.469204 1.000000
1.686365 -0.238101 1.000000
-1.044439 0.142658 0.000000
-0.006885 0.140928 1.000000
0.490007 -0.379900 1.000000
1.571555 -0.233000 1.000000
-0.417776 1.032790 0.000000
-1.044435 0.273214 0.000000
-0.150757 0.975717 0.000000
1.281269 -0.400976 1.000000
0.230147 -0.102646 1.000000
2.012760 0.134507 1.000000
-0.426230 0.895871 0.000000
0.874402 0.352793 0.000000
-0.690037 0.649504 0.000000
1.485353 -0.336719 1.000000
1.735893 -0.115015 1.000000
-0.020865 0.543887 1.000000
1.824105 -0.080355 1.000000
0.608860 -0.464645 1.000000
-0.796016 0.532684 0.000000
0.246003 1.068786 0.000000
0.764325 0.619513 0.000000
0.418368 0.816083 0.000000
1.408918 -0.393586 1.000000
-0.544235 0.901010 0.000000
1.964223 0.359850 1.000000
0.706762 -0.427937 1.000000
1.061936 0.042777 0.000000
0.933054 0.204146 0.000000
1.059030 0.111218 0.000000
-0.908420 0.367216 0.000000
-0.579941 0.716329 0.000000
0.879738 -0.467846 1.000000
-0.996068 0.453199 0.000000
1.971047 0.174073 1.000000
0.241757 -0.309662 1.000000
-0.199669 0.974138 0.000000
0.477179 -0.432928 1.000000
0.198687 1.034730 0.000000
