0.956811 -0.616140 1.000000
0.683020 0.821167 0.000000
-0.321862 0.869977 0.000000
-1.042984 0.251596 0.000000
-0.332354 0.977748 0.000000
1.910945 0.136316 1.000000
0.879373 0.329336 0.000000
-0.410279 0.774277 0.000000
1.937954 0.256119 1.000000
0.709540 -0.463692 1.000000
0.520310 0.773172 0.000000
0.204533 -0.154358 1.000000
1.872414 0.306533 1.000000
-0.904827 0.583643 0.000000
-0.916009 0.510289 0.000000
-0.835597 0.560552 0.000000
0.117271 1.054123 0.000000
0.817123 0.417014 0.000000
1.377697 -0.434392 1.000000
-0.066834 0.995624 0.000000
1.650732 -0.233669 1.000000
0.505513 -0.326163 1.000000
0.678342 -0.448443 1.000000
-0.026769 0.310533 1.000000
1.873893 0.082542 1.000000
-0.908097 0.403219 0.000000
1.328734 -0.443109 1.000000
1.079219 0.457796 0.000000
-0.358667 0.888061 0.000000
0.379274 -0.300316 1.000000
1.027523 0.464632 0.000000
0.422599 0.984238 0.000000
-0.449858 0.915068 0.000000
0.041240 0.225596 1.000000
0.840095 0.592508 0.000000
-0.736236 0.669104 0.000000
0.843582 0.722152 0.000000
-0.063416 0.494439 1.000000
-0.306802 0.885261 0.000000
0.126333 0.001095 1.000000
0.922766 0.525271 0.000000
2.077442 0.453327 1.000000
-0.519875 0.794397 0.000000
1.724076 -0.298702 1.000000
0.996675 0.230993 0.000000
0.830439 0.431574 0.000000
0.365093 0.907358 0.000000
0.060137 0.070818 1.000000
0.404949 -0.417983 1.000000
-1.046611 0.041879 0.000000
-0.978033 0.091788 0.000000
1.309207 -0.525143 1.000000
-0.575519 0.692733 0.000000
-0.995657 0.344091 0.000000
1.465264 -0.380663 1.000000
-0.931437 0.312849 0.000000
0.444344 0.966194 0.000000
0.754375 -0.430738 1.000000
1.722043 0.006958 1.000000
0.917838 0.172715 0.000000
-0.747899 0.736996 0.000000
0.404516 0.928791 0.000000
0.274156 0.911778 0.000000
0.093727 0.286178 1.000000
1.658435 -0.280587 1.000000
0.349336 -0.190127 1.000000
0.506502 0.839287 0.000000
1.482785 -0.412926 1.000000
0.570366 0.795000 0.000000
-0.624196 0.746326 0.000000
0.072238 0.254784 1.000000
-0.430943 0.926715 0.000000
-0.460303 0.868634 0.000000
0.139987 -0.059039 1.000000
1.805929 -0.144109 1.000000
1.608595 -0.305361 1.000000
-0.658166 0.711439 0.000000
1.684157 -0.194521 1.000000
0.021138 0.405175 1.000000
1.818124 -0.101249 1.000000
1.958969 0.228409 1.000000
1.333750 -0.413010 1.000000
1.219733 -0.504412 1.000000
0.705100 0.635786 0.000000
0.981728 0.271229 0.000000
1.410919 -0.423739 1.000000
0.806161 0.498307 0.000000
0.313089 1.000744 0.000000
-0.601651 0.696074 0.000000
0.072692 0.330016 1.000000
1.982299 0.068555 1.000000
-1.094476 0.104490 0.000000
0.952347 0.193752 0.000000
0.037099 0.367135 1.000000
0.809037 0.599981 0.000000
1.893775 -0.114216 1.000000
0.046548 0.062104 1.000000
-0.005560 0.308143 1.000000
0.194034 -0.198145 1.000000
-0.965161 -0.013714 0.000000
-0.347783 0.914201 0.000000
0.938083 0.409313 0.000000
1.955572 0.519063 1.000000
-1.021372 0.228077 0.000000
0.119663 1.025025 0.000000
0.983122 0.309972 0.000000
1.581310 -0.298772 1.000000
0.310632 -0.343137 1.000000
0.484331 -0.244799 1.000000
0.925710 -0.491809 1.000000
-0.033975 1.097960 0.000000
-0.989372 0.302523 0.000000
0.890218 0.019787 0.000000
0.108100 0.254932 1.000000
1.208088 -0.453781 1.000000
0.907904 -0.544955 1.000000
1.600640 -0.275895 1.000000
1.288377 -0.497715 1.000000
-0.576051 0.827371 0.000000
0.742458 -0.497798 1.000000
0.457924 0.797956 0.000000
-0.860876 0.333059 0.000000
-0.533734 0.997703 0.000000
1.163551 -0.470718 1.000000
1.967888 0.159429 1.000000
1.925068 0.277615 1.000000
1.838429 0.099973 1.000000
-0.560209 0.875720 0.000000
0.841310 0.504699 0.000000
0.784132 -0.447533 1.000000
-0.032522 0.959003 0.000000
1.984648 0.367024 1.000000
0.634713 -0.489660 1.000000
1.515480 -0.291683 1.000000
1.220481 -0.457772 1.000000
-0.590250 0.711233 0.000000
1.681714 -0.213682 1.000000
0.956952 0.390466 0.000000
-0.894235 0.154869 0.000000
1.910479 0.012378 1.000000
-0.821248 0.552696 0.000000
-0.941826 0.120408 0.000000
-0.960933 0.027441 0.000000
0.248986 -0.186315 1.000000
0.200868 -0.026916 1.000000
-0.037119 0.276209 1.000000
1.129944 -0.502983 1.000000
-0.247323 0.933357 0.000000
0.040756 0.229009 1.000000
0.873039 0.329968 0.000000
-0.818572 0.565903 0.000000
0.279476 -0.333012 1.000000
0.055527 0.102647 1.000000
-0.946927 0.493099 0.000000
1.073632 -0.389216 1.000000
1.821828 0.016161 1.000000
1.447862 -0.518501 1.000000
0.906880 -0.547146 1.000000
0.889445 0.331758 0.000000
1.812000 -0.127398 1.000000
-0.245078 1.055041 0.000000
0.125376 0.322238 1.000000
1.006740 -0.424254 1.000000
0.727606 0.653145 0.000000
1.111019 -0.521001 1.000000
0.417610 -0.246876 1.000000
0.087661 -0.004588 1.000000
0.405169 0.933553 0.000000
1.933856 0.397094 1.000000
0.665998 -0.446949 1.000000
1.783434 0.123473 1.000000
0.769637 0.628779 0.000000
0.927610 0.052284 0.000000
1.333683 -0.399701 1.000000
1.888302 -0.056269 1.000000
0.268982 0.906093 0.000000
0.033093 -0.021035 1.000000
1.991334 0.140853 1.000000
1.633950 -0.279101 1.000000
-0.471857 0.878702 0.000000
1.822010 -0.021342 1.000000
0.784110 -0.477730 1.000000
0.600777 0.855381 0.000000
0.363228 -0.280543 1.000000
-0.111278 1.001844 0.000000
0.879881 0.745361 0.000000
-0.029074 0.090502 1.000000
0.216439 -0.127042 1.000000
1.916962 0.056272 1.000000
0.086576 1.023113 0.000000
2.048893 0.457907 1.000000
1.010704 0.183398 0.000000
-0.489837 0.876589 0.000000
-0.329385 0.865246 0.000000
1.627049 -0.280214 1.000000
-0.002344 0.538246 1.000000
1.341398 -0.463426 1.000000
1.088359 -0.539320 1.000000
2.011732 0.351230 1.000000
1.011109 0.188256 0.000000
0.954143 0.264512 0.000000
1.949810 0.326406 1.000000
1.041166 0.004051 0.000000
-0.672053 0.748581 0.000000
1.472803 -0.315303 1.000000
-1.032862 0.047711 0.000000
0.357867 0.984623 0.000000
-0.611421 0.662942 0.000000
1.754063 -0.190923 1.000000
-1.041951 -0.070677 0.000000
-0.832414 0.745320 0.000000
0.046202 0.194220 1.000000
1.916604 0.253248 1.000000
0.238489 -0.128308 1.000000
1.928992 0.482291 1.000000
0.578277 -0.379233 1.000000
-0.601988 0.818809 0.000000
0.736001 -0.422910 1.000000
0.330132 0.922417 0.000000
-0.079168 1.005527 0.000000
1.057750 0.211739 0.000000
-0.665421 0.777525 0.000000
0.820444 0.643267 0.000000
-0.925912 0.328299 0.000000
0.837276 0.561894 0.000000
1.054645 -0.547864 1.000000
1.775217 -0.167932 1.000000
0.378611 -0.272571 1.000000
0.470814 0.899047 0.000000
-1.011753 0.255426 0.000000
1.927062 0.293011 1.000000
-0.057445 0.431412 1.000000
-1.025388 0.294960 0.000000
-0.889269 0.541966 0.000000
1.542985 -0.288869 1.000000
0.472049 0.816557 0.000000
-0.960022 0.362036 0.000000
0.030739 0.361303 1.000000
0.948710 -0.023696 0.000000
-0.912447 0.522288 0.000000
1.907742 0.084631 1.000000
-0.318321 0.997157 0.000000
-0.911140 0.576056 0.000000
0.004631 0.360545 1.000000
1.893911 -0.060901 1.000000
2.087456 0.347156 1.000000
0.189405 0.060741 1.000000
0.982869 0.073512 0.000000
-0.957791 0.266303 0.000000
1.632710 -0.327393 1.000000
0.164676 0.953889 0.000000
-0.732418 0.558568 0.000000
0.110816 0.183787 1.000000
1.986000 -0.002973 1.000000
0.072516 0.948389 0.000000
1.946389 0.102846 1.000000
-0.997825 0.193925 0.000000
-0.176203 1.002037 0.000000
1.023744 0.025688 0.000000
0.987032 -0.034628 0.000000
1.223298 -0.445972 1.000000
0.056069 0.142751 1.000000
0.322753 -0.214834 1.000000
0.403522 0.937864 0.000000
1.845846 0.080722 1.000000
-0.325689 0.927063 0.000000
0.035170 0.235327 1.000000
-0.525745 0.824027 0.000000
1.531434 -0.284470 1.000000
-1.019008 0.278279 0.000000
0.044215 0.123554 1.000000
0.273929 0.944218 0.000000
0.925159 -0.552833 1.000000
1.812905 -0.011674 1.000000
1.968391 0.172914 1.000000
0.671723 -0.483552 1.000000
-0.828544 0.511168 0.000000
-0.351094 0.888170 0.000000
0.444325 -0.302244 1.000000
1.670375 -0.209730 1.000000
0.905620 0.628369 0.000000
-0.108312 0.958173 0.000000
-0.082870 0.355225 1.000000
0.843428 0.448885 0.000000
-0.786312 0.680699 0.000000
1.186503 -0.501508 1.000000
1.813656 -0.001176 1.000000
0.327063 -0.150550 1.000000
0.852402 0.516619 0.000000
1.343858 -0.475087 1.000000
0.491622 -0.366200 1.000000
0.622171 -0.384784 1.000000
1.567593 -0.211401 1.000000
0.244197 1.006629 0.000000
-0.710192 0.683835 0.000000
0.585154 0.909667 0.000000
-0.933582 0.169095 0.000000
1.148461 -0.457468 1.000000
1.892391 -0.012486 1.000000
0.010395 0.157766 1.000000
0.318733 -0.218992 1.000000
0.289884 -0.143152 1.000000
0.087615 -0.049551 1.000000
0.576516 -0.325309 1.000000
0.924043 0.340785 0.000000
-1.042492 0.169628 0.000000
-0.874174 0.464259 0.000000
-1.002314 0.177669 0.000000
0.690541 0.758358 0.000000
1.032489 0.175492 0.000000
-0.051237 0.393975 1.000000
1.039543 0.260430 0.000000
1.674995 -0.282206 1.000000
-0.760484 0.577895 0.000000
1.834217 -0.067861 1.000000
-0.077699 0.179515 1.000000
0.887573 -0.478301 1.000000
-0.959524 0.208676 0.000000
0.100085 0.073783 1.000000
-0.723904 0.678699 0.000000
-0.473195 0.838578 0.000000
1.794999 -0.152067 1.000000
0.062075 0.111023 1.000000
0.168693 -0.066574 1.000000
0.056883 0.979098 0.000000
1.041030 0.064393 0.000000
0.123864 0.003999 1.000000
-0.013808 0.510671 1.000000
0.204519 -0.176199 1.000000
0.628543 0.795585 0.000000
0.898715 -0.459073 1.000000
0.331226 -0.348816 1.000000
0.435131 -0.311084 1.000000
0.382126 0.914720 0.000000
1.540571 -0.353451 1.000000
1.303352 -0.488678 1.000000
0.442887 -0.341522 1.000000
1.478723 -0.397544 1.000000
0.872342 0.532601 0.000000
1.876538 0.048686 1.000000
2.002013 0.219107 1.000000
0.315932 -0.143402 1.000000
0.372174 -0.237116 1.000000
-0.113523 0.952076 0.000000
0.446244 -0.266124 1.000000
-1.036705 0.183540 0.000000
-0.896145 0.364558 0.000000
1.231692 -0.462754 1.000000
0.871078 -0.530871 1.000000
1.005914 0.150848 0.000000
0.630436 0.820582 0.000000
0.485711 0.920695 0.000000
0.868140 -0.527806 1.000000
-0.007302 0.335511 1.000000
-0.605482 0.816107 0.000000
0.616947 -0.384957 1.000000
-0.925228 0.137696 0.000000
0.226700 1.001859 0.000000
0.839581 -0.601157 1.000000
1.698900 -0.237130 1.000000
1.754981 -0.041327 1.000000
0.776348 0.675496 0.000000
0.027276 0.259717 1.000000
0.681080 0.742773 0.000000
-0.383603 0.894124 0.000000
0.749065 0.666313 0.000000
-1.015025 0.042292 0.000000
1.165903 -0.570255 1.000000
0.157269 1.030561 0.000000
-0.672612 0.908719 0.000000
0.024029 0.199801 1.000000
0.112751 0.181558 1.000000
1.040598 0.343721 0.000000
0.517496 -0.335484 1.000000
0.652832 0.791052 0.000000
-0.729014 0.585860 0.000000
0.875998 0.472453 0.000000
2.041661 0.326570 1.000000
-0.486680 0.914436 0.000000
-1.034032 0.319720 0.000000
0.282870 -0.277221 1.000000
-1.027840 0.237464 0.000000
-0.725230 0.580056 0.000000
0.783019 0.618183 0.000000
2.027823 0.321744 1.000000
1.604220 -0.401269 1.000000
0.209925 0.987766 0.000000
1.199980 -0.533295 1.000000
0.116907 1.005225 0.000000
0.946372 0.494946 0.000000
0.405899 0.957190 0.000000
0.081057 0.039184 1.000000
0.036273 0.317093 1.000000
1.944689 0.279186 1.000000
-0.025809 0.275798 1.000000
0.935164 -0.472458 1.000000
1.588943 -0.394309 1.000000
1.263806 -0.399150 1.000000
0.092354 0.332949 1.000000
1.847676 0.004924 1.000000
-0.263024 0.940459 0.000000
0.110193 0.196608 1.000000
1.836044 0.044711 1.000000
0.078788 1.016183 0.000000
-0.214933 0.989381 0.000000
0.960951 0.092170 0.000000
1.784459 -0.057285 1.000000
0.455668 -0.296946 1.000000
0.240901 -0.116488 1.000000
1.926100 -0.026175 1.000000
0.728751 0.801042 0.000000
-0.065886 0.403633 1.000000
-0.818696 0.614692 0.000000
0.173255 0.933511 0.000000
1.957414 0.084065 1.000000
-0.742759 0.621204 0.000000
0.969236 0.027200 0.000000
0.617086 -0.398690 1.000000
1.499661 -0.320013 1.000000
0.028880 0.097961 1.000000
0.940271 0.063050 0.000000
1.105426 -0.499055 1.000000
0.338084 -0.261700 1.000000
1.955434 0.466438 1.000000
0.610101 -0.476449 1.000000
0.430359 0.933622 0.000000
0.976113 -0.449637 1.000000
-0.617418 0.833606 0.000000
0.303972 0.967463 0.000000
0.964821 0.129725 0.000000
0.707673 -0.509961 1.000000
0.903253 -0.449868 1.000000
-0.950726 0.236227 0.000000
-0.011163 0.223478 1.000000
0.455305 0.878796 0.000000
0.852814 0.364961 0.000000
-0.841716 0.627653 0.000000
1.237194 -0.400530 1.000000
1.403934 -0.326856 1.000000
0.017810 0.488014 1.000000
1.625468 -0.364434 1.000000
0.398431 0.991109 0.000000
-0.114275 0.908110 0.000000
0.204667 -0.043990 1.000000
0.063345 0.010587 1.000000
-0.648103 0.873572 0.000000
-0.549188 0.917285 0.000000
-0.875569 0.400895 0.000000
-0.268218 0.944207 0.000000
0.544000 0.897618 0.000000
0.371657 1.026790 0.000000
0.402704 -0.258707 1.000000
-0.493384 0.863359 0.000000
1.410914 -0.386221 1.000000
0.778310 -0.528725 1.000000
0.038046 0.967603 0.000000
-0.126724 1.012413 0.000000
0.806691 -0.469275 1.000000
-0.020854 1.038339 0.000000
0.740310 -0.491745 1.000000
0.391450 -0.218274 1.000000
-0.599410 0.875022 0.000000
1.005275 0.249144 0.000000
-0.584734 0.776738 0.000000
0.468297 -0.345175 1.000000
0.097282 0.195695 1.000000
1.894894 0.396541 1.000000
0.953934 0.337629 0.000000
0.158911 0.082446 1.000000
1.399262 -0.386827 1.000000
1.184766 -0.459356 1.000000
2.029841 0.130763 1.000000
0.504657 0.813325 0.000000
2.038402 0.242170 1.000000
-0.775897 0.661804 0.000000
1.927104 0.041074 1.000000
1.037799 0.090183 0.000000
-0.936356 0.475294 0.000000
0.960244 -0.465531 1.000000
0.212906 -0.166412 1.000000
1.820234 -0.139602 1.000000
1.022890 0.248250 0.000000
0.098369 0.965253 0.000000
1.072359 -0.577095 1.000000
1.059006 -0.433290 1.000000
1.549128 -0.399872 1.000000
0.772434 0.621561 0.000000
0.445879 1.037027 0.000000
1.596661 -0.201377 1.000000
0.645944 0.729131 0.000000
1.818057 0.046431 1.000000
1.863259 -0.204859 1.000000
1.276302 -0.467995 1.000000
1.274383 -0.447124 1.000000
1.585232 -0.317012 1.000000
-0.082614 1.006048 0.000000
0.941623 0.234694 0.000000
0.491341 -0.442260 1.000000
0.215656 0.903445 0.000000
1.813763 -0.151271 1.000000
-0.124961 0.985581 0.000000
0.831315 0.525183 0.000000
-0.698529 0.779436 0.000000
0.492687 -0.341661 1.000000
0.699012 0.838590 0.000000
0.075351 0.142909 1.000000
1.729410 -0.197242 1.000000
0.651549 -0.512361 1.000000
0.621969 0.878247 0.000000
0.570383 0.846823 0.000000
-0.861777 0.548705 0.000000
-0.923418 0.345291 0.000000
1.232361 -0.486775 1.000000
1.909325 0.161187 1.000000
1.814226 -0.097869 1.000000
1.902009 0.126497 1.000000
0.684282 0.704113 0.000000
-0.892893 0.392713 0.000000
0.277738 -0.190733 1.000000
0.981905 -0.505823 1.000000
0.236314 -0.190256 1.000000
-0.254867 0.978010 0.000000
0.284213 -0.243912 1.000000
-0.491275 0.914197 0.000000
-0.108550 0.935353 0.000000
0.479080 0.903291 0.000000
0.591664 0.757605 0.000000
-0.593447 0.968787 0.000000
0.809132 0.599917 0.000000
1.372630 -0.511248 1.000000
0.035189 0.114550 1.000000
1.759994 -0.221182 1.000000
1.734722 -0.101180 1.000000
-0.031003 0.369044 1.000000
0.638269 -0.355350 1.000000
1.844753 0.072981 1.000000
1.930133 0.082390 1.000000
0.136614 -0.142786 1.000000
1.209168 -0.474700 1.000000
-1.052856 0.060817 0.000000
0.194165 1.018360 0.000000
-0.380505 0.944030 0.000000
2.058529 0.407169 1.000000
-0.010070 0.307859 1.000000
-0.334142 0.903396 0.000000
1.467245 -0.378626 1.000000
1.344733 -0.351360 1.000000
1.911222 0.133275 1.000000
0.474469 -0.308650 1.000000
0.206827 1.095196 0.000000
0.543255 -0.413142 1.000000
1.526085 -0.330817 1.000000
0.444440 0.877343 0.000000
1.173092 -0.554868 1.000000
0.904567 -0.541097 1.000000
0.335163 -0.207813 1.000000
-0.445662 0.938490 0.000000
-0.023657 0.524252 1.000000
0.834933 0.536580 0.000000
0.807774 0.375495 0.000000
0.579683 -0.360457 1.000000
1.029579 -0.511543 1.000000
0.600219 -0.361347 1.000000
-0.579669 0.735289 0.000000
1.845641 -0.088382 1.000000
-0.899536 0.537947 0.000000
-1.007282 0.255057 0.000000
-1.121063 0.024002 0.000000
1.483403 -0.362424 1.000000
1.955575 0.209926 1.000000
0.243856 -0.084264 1.000000
-0.071175 0.998351 0.000000
0.546929 0.858065 0.000000
-0.780595 0.606100 0.000000
-0.542078 0.855812 0.000000
0.957732 0.148841 0.000000
1.180704 -0.481333 1.000000
1.916322 0.426373 1.000000
0.419854 0.871870 0.000000
0.630310 -0.348376 1.000000
1.424729 -0.377663 1.000000
0.783328 0.617669 0.000000
1.792672 -0.062413 1.000000
0.949914 0.202250 0.000000
0.618148 0.774726 0.000000
0.855129 0.091126 0.000000
-0.788003 0.492026 0.000000
0.313864 0.943082 0.000000
0.061803 0.385749 1.000000
-0.875996 0.336780 0.000000
-0.232928 1.017218 0.000000
0.333739 -0.288411 1.000000
1.195954 -0.539999 1.000000
1.586736 -0.274425 1.000000
0.953071 0.352095 0.000000
1.310605 -0.462595 1.000000
1.705545 -0.322910 1.000000
0.519396 -0.401678 1.000000
-0.170205 1.003335 0.000000
1.390208 -0.444862 1.000000
0.182031 0.957679 0.000000
1.851731 -0.001672 1.000000
0.190609 0.879101 0.000000
-0.345070 0.891149 0.000000
0.413545 -0.242226 1.000000
0.382169 0.818593 0.000000
-0.512082 0.901396 0.000000
0.068924 0.216697 1.000000
0.520501 0.908158 0.000000
-0.844420 0.623315 0.000000
-0.666745 0.726554 0.000000
-0.875790 0.531598 0.000000
1.329290 -0.392762 1.000000
0.967854 0.309769 0.000000
-0.125650 1.080194 0.000000
-0.943871 0.073884 0.000000
0.186904 -0.226026 1.000000
-0.184821 1.001476 0.000000
1.081827 -0.432236 1.000000
1.993732 0.239713 1.000000
1.788413 -0.174557 1.000000
1.360911 -0.422383 1.000000
1.567853 -0.384842 1.000000
0.052117 0.174325 1.000000
0.548168 0.828977 0.000000
0.774081 0.719879 0.000000
0.040303 0.140548 1.000000
1.619708 -0.169677 1.000000
0.595471 0.791840 0.000000
-0.629003 0.723998 0.000000
1.613628 -0.313354 1.000000
-0.617583 0.682164 0.000000
0.867391 0.581167 0.000000
0.787558 0.579666 0.000000
0.328848 0.978964 0.000000
0.260347 1.025489 0.000000
0.382063 0.947765 0.000000
0.780480 0.662614 0.000000
-0.058713 0.898233 0.000000
-0.625099 0.770151 0.000000
-0.021870 0.347210 1.000000
1.769918 -0.126446 1.000000
1.964961 0.259888 1.000000
-1.008269 -0.039765 0.000000
1.944464 0.482349 1.000000
0.913553 0.361226 0.000000
0.049393 0.937492 0.000000
0.702834 0.682314 0.000000
1.927836 0.189291 1.000000
-0.902739 0.375617 0.000000
-0.878869 0.514022 0.000000
0.636335 -0.498429 1.000000
2.027942 0.290234 1.000000
1.037834 0.083918 0.000000
-1.039471 0.030144 0.000000
0.600966 -0.383273 1.000000
1.119107 -0.459785 1.000000
0.045819 1.010707 0.000000
0.616798 -0.430082 1.000000
0.701458 -0.412874 1.000000
1.485279 -0.462432 1.000000
1.527046 -0.335362 1.000000
1.958427 0.174127 1.000000
0.565929 -0.393424 1.000000
0.577065 0.705650 0.000000
0.183326 -0.027492 1.000000
-0.047257 0.458145 1.000000
0.354123 -0.195914 1.000000
0.116698 0.132548 1.000000
0.235128 1.006941 0.000000
2.045257 0.417565 1.000000
-0.036202 0.390766 1.000000
0.046156 0.291385 1.000000
1.624109 -0.247168 1.000000
1.852248 -0.069171 1.000000
0.344562 -0.304056 1.000000
-0.124218 1.062335 0.000000
1.063313 0.248810 0.000000
0.502871 -0.245047 1.000000
0.859830 -0.432848 1.000000
-0.682621 0.849972 0.000000
0.160882 0.100889 1.000000
0.921134 0.636340 0.000000
-0.509052 0.835628 0.000000
0.485183 0.871406 0.000000
0.157797 0.913127 0.000000
1.941861 0.100786 1.000000
-0.898095 0.489381 0.000000
2.000904 0.337629 1.000000
-0.241680 0.923410 0.000000
0.700334 0.733688 0.000000
0.532890 -0.290075 1.000000
1.478850 -0.387330 1.000000
0.064975 0.272602 1.000000
-0.946974 0.325256 0.000000
1.078881 0.109529 0.000000
0.306582 -0.341935 1.000000
0.209477 -0.150955 1.000000
0.189102 -0.184163 1.000000
-0.403663 0.983647 0.000000
0.600179 0.821390 0.000000
0.029777 0.198177 1.000000
1.900433 -0.051474 1.000000
-0.583459 0.868133 0.000000
1.578299 -0.042198 1.000000
-0.028580 0.159742 1.000000
-0.701942 0.734159 0.000000
1.827529 -0.214481 1.000000
1.950250 0.135421 1.000000
1.976881 0.134285 1.000000
0.103158 0.982678 0.000000
-0.962820 0.190848 0.000000
1.631869 -0.219484 1.000000
0.506622 -0.393533 1.000000
1.095603 0.047245 0.000000
-0.181843 0.991536 0.000000
0.969161 0.033569 0.000000
1.904030 -0.126776 1.000000
0.684472 -0.489020 1.000000
-0.365566 0.895010 0.000000
1.871903 -0.055538 1.000000
1.545458 -0.313945 1.000000
2.017010 0.495445 1.000000
0.178063 0.029492 1.000000
0.858756 -0.449594 1.000000
-1.069277 0.160238 0.000000
0.161536 0.085802 1.000000
0.943740 0.231096 0.000000
-0.182953 1.037448 0.000000
0.031016 0.257951 1.000000
0.710681 0.693343 0.000000
0.389642 0.961430 0.000000
0.914006 0.394226 0.000000
1.308535 -0.464227 1.000000
-0.940326 0.314509 0.000000
0.961022 -0.543360 1.000000
-0.268937 1.000598 0.000000
-0.227968 0.980494 0.000000
0.901986 -0.603289 1.000000
-0.997555 0.111466 0.000000
-0.202602 1.044214 0.000000
1.356486 -0.550139 1.000000
1.150364 -0.439110 1.000000
0.916964 0.248562 0.000000
-0.541915 0.891475 0.000000
0.347201 -0.301359 1.000000
0.056418 1.032837 0.000000
0.002082 0.420292 1.000000
0.661999 0.729187 0.000000
0.734041 0.714477 0.000000
0.500748 -0.339976 1.000000
0.989362 0.161723 0.000000
1.167024 -0.461852 1.000000
0.811954 0.461625 0.000000
-0.572461 0.894990 0.000000
0.199090 -0.054528 1.000000
1.553599 -0.348686 1.000000
0.597830 -0.480718 1.000000
0.517196 0.779048 0.000000
0.502679 -0.432404 1.000000
-0.790996 0.436940 0.000000
2.047571 0.344780 1.000000
0.231852 -0.199258 1.000000
0.165999 1.018738 0.000000
-0.088802 0.908947 0.000000
1.467072 -0.354126 1.000000
-0.086705 1.006373 0.000000
1.041160 -0.582168 1.000000
0.005829 0.325168 1.000000
-0.485969 0.771791 0.000000
2.029368 0.503960 1.000000
0.527274 0.877257 0.000000
-1.071387 0.104398 0.000000
1.043367 0.197669 0.000000
0.444636 -0.429469 1.000000
0.341254 -0.245515 1.000000
0.731460 0.617143 0.000000
0.103265 0.022343 1.000000
0.871520 0.218862 0.000000
1.468827 -0.401371 1.000000
1.679856 -0.246996 1.000000
0.317961 -0.266772 1.000000
-0.110401 1.059883 0.000000
0.981195 0.472805 0.000000
0.042444 0.068033 1.000000
0.846995 0.516890 0.000000
0.970237 0.041903 0.000000
-0.854006 0.681465 0.000000
0.634793 -0.536038 1.000000
-0.013052 1.104647 0.000000
-0.925642 0.551995 0.000000
0.856713 -0.507072 1.000000
0.872823 -0.448163 1.000000
-0.091683 1.046188 0.000000
2.003172 0.474150 1.000000
1.103102 -0.514785 1.000000
-0.231750 1.025424 0.000000
0.084599 -0.095591 1.000000
0.152663 -0.147832 1.000000
0.465862 -0.292891 1.000000
0.666957 0.828665 0.000000
1.952296 0.128689 1.000000
-0.408779 0.886066 0.000000
-1.003084 0.028377 0.000000
-1.019183 0.112062 0.000000
2.082305 0.133615 1.000000
-0.162615 0.939579 0.000000
0.824762 0.579351 0.000000
0.980020 -0.443702 1.000000
1.446228 -0.383808 1.000000
0.216203 1.051161 0.000000
-0.976208 0.320398 0.000000
-0.867114 0.477918 0.000000
0.854138 -0.372738 1.000000
0.963967 0.362384 0.000000
0.595497 -0.387156 1.000000
0.398594 -0.331604 1.000000
0.872978 0.402727 0.000000
0.729687 0.582038 0.000000
0.750509 0.574988 0.000000
0.967054 -0.000142 0.000000
0.111884 0.151382 1.000000
-0.882735 0.482310 0.000000
0.238300 -0.128428 1.000000
-0.976021 0.171066 0.000000
0.951427 0.158233 0.000000
0.067405 -0.021897 1.000000
-0.075783 1.070282 0.000000
-1.035351 0.219008 0.000000
0.262369 -0.182511 1.000000
-0.480382 0.987698 0.000000
0.068390 -0.012374 1.000000
0.318973 -0.219692 1.000000
0.328821 0.932817 0.000000
-0.236860 1.008198 0.000000
-1.008233 0.085713 0.000000
0.144796 0.980727 0.000000
0.534306 -0.390502 1.000000
0.484295 0.850773 0.000000
-0.969041 0.329678 0.000000
0.092037 0.997648 0.000000
1.219406 -0.529536 1.000000
0.504694 -0.255824 1.000000
0.159885 -0.091085 1.000000
-0.745185 0.685366 0.000000
0.895076 0.459007 0.000000
-0.810091 0.511848 0.000000
0.190559 0.932925 0.000000
2.093844 0.450092 1.000000
0.295412 0.938376 0.000000
1.100703 -0.510912 1.000000
-0.589931 0.835662 0.000000
1.840501 0.152663 1.000000
-0.486002 0.880087 0.000000
0.914481 -0.464410 1.000000
0.939998 0.278595 0.000000
-0.985499 0.384885 0.000000
0.118297 0.180496 1.000000
0.445357 0.895994 0.000000
0.177734 1.028117 0.000000
1.928299 0.155697 1.000000
2.066903 0.368760 1.000000
1.796687 -0.152708 1.000000
1.058385 0.292551 0.000000
-0.739916 0.620203 0.000000
0.292146 -0.112320 1.000000
0.067813 0.196877 1.000000
-0.961611 0.210670 0.000000
2.050775 0.380429 1.000000
1.986766 0.426951 1.000000
-0.002948 0.272180 1.000000
-0.254572 0.963987 0.000000
0.554418 0.924923 0.000000
1.929404 0.128463 1.000000
1.046991 0.068954 0.000000
0.459738 0.922949 0.000000
-0.901279 0.664728 0.000000
-0.922393 0.473643 0.000000
0.130037 0.057588 1.000000
-0.868424 0.464372 0.000000
0.986643 0.100160 0.000000
0.512133 -0.382089 1.000000
0.016664 0.350409 1.000000
0.235618 -0.013797 1.000000
0.077133 0.949072 0.000000
-0.732204 0.701713 0.000000
0.078629 0.175240 1.000000
-0.263519 0.999917 0.000000
-0.038382 0.970231 0.000000
1.179900 -0.518115 1.000000
-0.997648 0.434360 0.000000
-0.809814 0.486299 0.000000
1.563523 -0.216737 1.000000
1.185323 -0.435671 1.000000
1.037290 -0.479593 1.000000
-0.245946 0.971598 0.000000
-0.119587 0.971898 0.000000
0.926897 0.415183 0.000000
0.851036 0.572880 0.000000
0.011812 1.003585 0.000000
1.450601 -0.382314 1.000000
-0.326615 0.901818 0.000000
-0.656791 0.632001 0.000000
0.693441 0.542949 0.000000
0.110949 0.045701 1.000000
2.003629 0.396878 1.000000
0.775188 -0.505538 1.000000
-0.198335 0.856276 0.000000
0.859937 0.539797 0.000000
0.556341 0.793831 0.000000
0.225413 -0.041652 1.000000
0.225747 -0.031424 1.000000
0.148371 0.012345 1.000000
-0.224192 0.949807 0.000000
1.805477 -0.000652 1.000000
1.823075 -0.039790 1.000000
1.028414 -0.516088 1.000000
-0.549160 0.795081 0.000000
0.158056 0.098476 1.000000
-0.726502 0.750391 0.000000
0.597696 0.843729 0.000000
0.481359 0.870082 0.000000
0.101595 0.176103 1.000000
0.025310 0.353600 1.000000
-0.473371 0.862035 0.000000
0.132410 -0.122903 1.000000
-0.071550 0.401060 1.000000
0.153457 1.018194 0.000000
-0.904901 0.493478 0.000000
0.306589 -0.265963 1.000000
-0.306191 0.976472 0.000000
-1.022122 0.350999 0.000000
-1.047411 0.185202 0.000000
-0.442086 1.050290 0.000000
1.856531 0.048144 1.000000
0.936804 0.362625 0.000000
0.669214 0.733292 0.000000
1.344200 -0.412945 1.000000
1.948695 0.106329 1.000000
-0.285644 0.823691 0.000000
-0.995696 0.288916 0.000000
0.423890 -0.325677 1.000000
0.949505 0.164750 0.000000
0.242830 -0.218838 1.000000
-0.169878 1.043646 0.000000
0.217421 -0.124978 1.000000
0.818430 -0.567669 1.000000
1.889043 0.307058 1.000000
0.545970 -0.363355 1.000000
0.395985 -0.374564 1.000000
0.092735 0.027608 1.000000
-0.790063 0.658319 0.000000
1.977618 0.537372 1.000000
-0.283296 0.898051 0.000000
0.053714 0.926765 0.000000
1.704046 -0.198278 1.000000
0.078174 -0.037504 1.000000
0.073882 0.158987 1.000000
-0.452878 0.873331 0.000000
0.201234 -0.063839 1.000000
0.782986 -0.478442 1.000000
-0.516028 0.929290 0.000000
-0.888398 0.495722 0.000000
0.631053 0.743280 0.000000
-0.974446 0.200825 0.000000
1.614466 -0.159820 1.000000
0.782884 -0.429087 1.000000
-0.098499 1.003338 0.000000
1.316041 -0.446102 1.000000
-0.505777 0.943481 0.000000
-0.697583 0.851050 0.000000
-0.922665 0.321520 0.000000
1.990323 0.427857 1.000000
1.851325 -0.024138 1.000000
0.497749 0.889538 0.000000
0.683992 -0.396874 1.000000
1.918649 -0.123372 1.000000
-0.983097 0.207499 0.000000
0.385883 1.012489 0.000000
1.914779 0.052514 1.000000
1.605492 -0.360053 1.000000
0.964080 0.345920 0.000000
1.849247 -0.135060 1.000000
0.522024 0.799505 0.000000
-0.833086 0.576455 0.000000
1.225569 -0.457777 1.000000
0.171972 0.973722 0.000000
1.058884 0.243113 0.000000
0.923307 0.188896 0.000000
-0.636000 0.842954 0.000000
1.364296 -0.372931 1.000000
1.020546 -0.498768 1.000000
-0.971722 0.079421 0.000000
0.407871 0.857941 0.000000
0.149584 -0.010631 1.000000
0.702497 -0.413709 1.000000
0.935177 0.149700 0.000000
1.050931 0.094065 0.000000
1.066973 -0.501172 1.000000
1.053831 -0.497012 1.000000
1.968997 0.231975 1.000000
1.790681 -0.307055 1.000000
1.195956 -0.460440 1.000000
-0.191897 0.964632 0.000000
-0.824539 0.423076 0.000000
-0.003295 0.559110 1.000000
-0.002849 0.977893 0.000000
0.055788 0.977808 0.000000
1.865779 0.100557 1.000000
1.034499 0.284410 0.000000
0.695881 0.547558 0.000000
1.841649 -0.096572 1.000000
0.913511 -0.453399 1.000000
1.031809 -0.486580 1.000000
1.358853 -0.403740 1.000000
-0.993801 0.216192 0.000000
1.949546 0.279706 1.000000
-0.626554 0.659829 0.000000
-0.696943 0.839276 0.000000
-0.709647 0.546997 0.000000
1.358782 -0.410889 1.000000
0.283456 1.002707 0.000000
0.931484 0.427121 0.000000
0.831726 -0.436345 1.000000
1.530538 -0.358515 1.000000
-0.227145 0.968507 0.000000
0.942011 0.415899 0.000000
0.372833 -0.352056 1.000000
0.052862 0.488607 1.000000
0.790180 0.762544 0.000000
0.225117 -0.068556 1.000000
0.912927 0.259216 0.000000
-0.933846 0.016677 0.000000
0.298069 0.927338 0.000000
0.323360 0.912599 0.000000
-0.588289 0.733867 0.000000
0.399773 0.878821 0.000000
-0.373658 0.880002 0.000000
-0.935721 -0.104234 0.000000
0.723641 0.727447 0.000000
-0.875521 0.476582 0.000000
1.763883 -0.044288 1.000000
0.520511 0.843808 0.000000
0.137766 1.067735 0.000000
0.441629 -0.198244 1.000000
0.696143 0.781283 0.000000
1.570066 -0.267757 1.000000
0.513326 0.829177 0.000000
1.349664 -0.441747 1.000000
0.834943 -0.547360 1.000000
-0.883307 0.399019 0.000000
1.571401 -0.306610 1.000000
0.565311 -0.442377 1.000000
-0.485649 0.881539 0.000000
-0.745713 0.649152 0.000000
-0.973301 0.406192 0.000000
-0.288061 0.965484 0.000000
-0.002319 0.549350 1.000000
0.873627 0.540630 0.000000
-0.478624 0.880832 0.000000
-0.879793 0.446977 0.000000
1.923375 -0.030170 1.000000
0.966982 0.221688 0.000000
0.949540 0.356619 0.000000
0.232589 0.939462 0.000000
0.003797 0.294802 1.000000
-0.788184 0.485372 0.000000
1.746189 -0.128163 1.000000
1.030339 0.068678 0.000000
1.788825 0.042190 1.000000
-0.555782 0.813934 0.000000
0.786083 0.686405 0.000000
1.927699 0.143620 1.000000
-0.622256 0.847242 0.000000
0.847656 0.389700 0.000000
-0.164208 0.991415 0.000000
-0.878811 0.375710 0.000000
0.725669 0.703750 0.000000
0.723505 0.611589 0.000000
0.049135 0.164770 1.000000
-0.588422 0.731732 0.000000
1.994071 0.112919 1.000000
1.150984 -0.388110 1.000000
0.747268 0.735046 0.000000
1.478580 -0.339653 1.000000
1.018839 0.065773 0.000000
0.316082 -0.217523 1.000000
1.103801 -0.536094 1.000000
1.886017 0.225524 1.000000
-0.777790 0.628634 0.000000
0.358502 -0.228176 1.000000
0.085208 0.383892 1.000000
0.267125 -0.133536 1.000000
1.994756 0.431959 1.000000
1.710201 -0.193811 1.000000
0.924534 -0.500358 1.000000
1.950185 0.227274 1.000000
0.730909 -0.493961 1.000000
-0.950586 0.206188 0.000000
0.944869 -0.489090 1.000000
-0.038837 1.094858 0.000000
1.647117 -0.260376 1.000000
1.224027 -0.447677 1.000000
0.073201 1.083500 0.000000
0.958286 0.149610 0.000000
-0.531500 0.889878 0.000000
1.106348 -0.445353 1.000000
-0.945487 0.187588 0.000000
0.077156 0.157475 1.000000
0.072979 0.995420 0.000000
-1.023934 0.047982 0.000000
0.391696 -0.358023 1.000000
0.461774 -0.287562 1.000000
2.006391 0.281013 1.000000
-0.641573 0.775362 0.000000
1.035032 0.289806 0.000000
0.532212 0.774477 0.000000
-0.023527 0.248364 1.000000
0.080758 0.949395 0.000000
-0.609087 0.909541 0.000000
0.923595 -0.457764 1.000000
-0.919192 0.371811 0.000000
0.034549 0.248509 1.000000
-0.090401 0.976378 0.000000
2.067827 0.348914 1.000000
-0.075541 1.009074 0.000000
0.032416 0.160716 1.000000
0.190968 0.073569 1.000000
0.120623 -0.056807 1.000000
0.562945 0.831812 0.000000
1.941936 0.261994 1.000000
-0.700585 0.741700 0.000000
0.592943 -0.310205 1.000000
0.740512 -0.533245 1.000000
-0.648851 0.800105 0.000000
-0.801163 0.620239 0.000000
-0.511206 0.867839 0.000000
-0.102875 1.026862 0.000000
0.185866 0.988764 0.000000
1.173099 -0.539008 1.000000
0.953216 0.002375 0.000000
0.788989 -0.550741 1.000000
-0.872959 0.298614 0.000000
2.038282 0.326972 1.000000
0.024676 0.479865 1.000000
0.760356 -0.462381 1.000000
1.856143 0.101705 1.000000
-0.606710 0.904046 0.000000
-1.032103 0.059129 0.000000
-0.495679 0.809592 0.000000
-0.940238 0.257697 0.000000
1.388507 -0.412701 1.000000
-0.021059 0.372170 1.000000
0.188930 -0.050924 1.000000
-0.052820 0.481591 1.000000
0.920114 0.410235 0.000000
1.995408 0.234190 1.000000
-0.888932 0.400726 0.000000
0.009746 1.033693 0.000000
0.120075 0.091898 1.000000
-0.043469 1.015379 0.000000
0.533803 -0.346231 1.000000
1.520467 -0.360394 1.000000
0.204560 -0.210945 1.000000
-0.829924 0.663056 0.000000
0.497564 0.863578 0.000000
1.652749 -0.207644 1.000000
0.804244 0.487353 0.000000
0.097569 0.249154 1.000000
1.333371 -0.466682 1.000000
0.443266 0.882594 0.000000
0.957400 -0.524910 1.000000
1.754175 -0.118528 1.000000
1.092497 -0.397623 1.000000
1.938246 0.120149 1.000000
0.395913 -0.343479 1.000000
1.840507 0.036807 1.000000
-0.963098 -0.045796 0.000000
0.736148 0.753377 0.000000
-0.620144 0.710443 0.000000
0.412232 -0.315318 1.000000
1.248642 -0.534851 1.000000
1.141436 -0.539412 1.000000
-0.136642 0.996710 0.000000
-0.794733 0.629345 0.000000
1.885892 0.073064 1.000000
1.172615 -0.503400 1.000000
-0.944433 0.341762 0.000000
0.834114 -0.457617 1.000000
0.158031 1.104018 0.000000
-0.513006 0.905709 0.000000
1.117808 -0.486956 1.000000
0.993045 0.051397 0.000000
0.268729 0.983162 0.000000
1.712397 -0.254589 1.000000
0.695328 0.843083 0.000000
1.973017 0.406546 1.000000
0.793494 0.437871 0.000000
1.643892 -0.293356 1.000000
1.055274 -0.492931 1.000000
-0.837333 0.556035 0.000000
1.599481 -0.243949 1.000000
1.647722 -0.274849 1.000000
-0.921791 0.421030 0.000000
-0.922972 0.135640 0.000000
-0.696338 0.734559 0.000000
-0.923818 0.404508 0.000000
1.515948 -0.439895 1.000000
0.897413 0.517281 0.000000
1.744317 -0.175828 1.000000
0.942175 -0.491430 1.000000
1.703580 -0.133161 1.000000
-0.409570 0.879760 0.000000
-0.805772 0.566008 0.000000
0.054225 0.241783 1.000000
0.854663 -0.488640 1.000000
1.821258 0.032766 1.000000
0.897900 -0.545698 1.000000
0.125079 0.977457 0.000000
0.775465 -0.383091 1.000000
1.993885 0.313898 1.000000
1.855050 -0.014109 1.000000
0.164158 -0.073218 1.000000
1.408660 -0.398553 1.000000
0.722701 -0.478463 1.000000
1.670220 -0.323333 1.000000
0.597785 0.842019 0.000000
0.871454 0.532813 0.000000
0.790683 -0.512661 1.000000
-0.973085 0.222830 0.000000
-0.500374 0.796570 0.000000
-0.274321 0.982248 0.000000
0.326787 -0.215548 1.000000
0.676610 -0.403815 1.000000
-0.344289 1.069262 0.000000
0.475901 0.985020 0.000000
0.834479 -0.414790 1.000000
-0.484982 0.987583 0.000000
0.613608 0.718062 0.000000
-0.936183 0.324712 0.000000
-0.670147 0.787594 0.000000
-0.530165 0.695371 0.000000
0.937104 -0.499560 1.000000
-0.886380 0.394666 0.000000
1.054959 -0.555903 1.000000
0.491298 0.872344 0.000000
0.251505 0.995821 0.000000
-1.024932 0.302491 0.000000
1.894692 0.198120 1.000000
0.549083 0.789560 0.000000
0.112442 0.084181 1.000000
0.933146 0.449911 0.000000
0.712973 -0.437688 1.000000
0.047499 0.417282 1.000000
0.181860 1.032595 0.000000
-0.764704 0.576805 0.000000
0.271396 -0.174404 1.000000
-0.057637 0.979728 0.000000
0.605145 0.814938 0.000000
1.292668 -0.415095 1.000000
-0.569449 0.820401 0.000000
-0.373118 0.959522 0.000000
0.543666 -0.401236 1.000000
1.688486 -0.155470 1.000000
1.924146 0.410991 1.000000
1.065291 0.196758 0.000000
1.409887 -0.518589 1.000000
-0.926333 0.346733 0.000000
1.510445 -0.394833 1.000000
1.898827 0.106380 1.000000
0.720416 0.678236 0.000000
-0.981915 0.090717 0.000000
1.986170 0.201251 1.000000
1.481683 -0.364741 1.000000
0.676186 0.717256 0.000000
0.005244 0.489977 1.000000
0.026916 0.399445 1.000000
0.181442 0.958492 0.000000
1.959486 0.409960 1.000000
1.889341 0.363132 1.000000
-1.003680 0.101849 0.000000
1.721412 -0.131603 1.000000
0.521573 0.752428 0.000000
1.075284 -0.501094 1.000000
-0.995053 -0.032899 0.000000
0.680451 0.777758 0.000000
1.546255 -0.357579 1.000000
1.909499 -0.045895 1.000000
1.501655 -0.362177 1.000000
0.495799 0.828417 0.000000
-0.907956 0.556534 0.000000
0.069657 0.021573 1.000000
0.767537 -0.495644 1.000000
-0.115776 0.984673 0.000000
-0.037066 0.964655 0.000000
1.055551 -0.493431 1.000000
1.195443 -0.433641 1.000000
0.931691 -0.549255 1.000000
0.065998 1.043869 0.000000
-0.369602 0.916790 0.000000
-0.842043 0.502533 0.000000
0.908282 0.055907 0.000000
1.827821 0.046583 1.000000
-0.529859 0.845511 0.000000
1.012789 -0.528830 1.000000
1.030654 0.051292 0.000000
1.766266 -0.316726 1.000000
0.797006 -0.510448 1.000000
-1.067694 -0.067670 0.000000
0.655510 -0.379775 1.000000
0.411668 1.022328 0.000000
0.905726 0.513901 0.000000
-0.993978 0.116454 0.000000
1.624671 -0.176154 1.000000
1.444529 -0.497039 1.000000
0.867308 0.600769 0.000000
1.137079 -0.437385 1.000000
0.129608 0.469275 1.000000
0.860488 -0.501122 1.000000
0.964309 -0.036404 0.000000
-0.046508 0.435377 1.000000
0.983726 0.461948 0.000000
0.718931 0.704130 0.000000
0.013747 0.512464 1.000000
1.103128 -0.514708 1.000000
-1.016385 0.385876 0.000000
0.690439 -0.402434 1.000000
1.056086 0.038084 0.000000
1.562368 -0.403383 1.000000
-0.016752 0.294629 1.000000
0.355309 -0.210905 1.000000
0.655903 0.657675 0.000000
0.220900 0.941138 0.000000
0.179815 0.957237 0.000000
0.856589 0.441999 0.000000
0.946846 0.359458 0.000000
0.096222 -0.010911 1.000000
0.675509 -0.428269 1.000000
-0.216011 0.964925 0.000000
0.467650 -0.350427 1.000000
0.617939 0.794561 0.000000
-0.067329 0.384100 1.000000
1.227355 -0.485667 1.000000
0.181240 1.007157 0.000000
0.047523 0.983217 0.000000
1.994342 0.342455 1.000000
-0.003909 0.083024 1.000000
0.327836 0.999947 0.000000
1.983446 0.219495 1.000000
-0.001591 0.431785 1.000000
1.814833 -0.223097 1.000000
-0.029308 0.349924 1.000000
-1.065948 0.076162 0.000000
-0.280504 0.955803 0.000000
-0.923265 0.367344 0.000000
-0.003530 0.185381 1.000000
2.011621 0.368306 1.000000
0.083022 0.368758 1.000000
-0.009428 0.478726 1.000000
0.769736 0.647269 0.000000
1.948587 0.415433 1.000000
0.879000 0.109434 0.000000
2.032915 0.336720 1.000000
0.594765 -0.452417 1.000000
-0.664081 0.755380 0.000000
0.061362 0.095812 1.000000
0.840284 -0.488197 1.000000
-0.988897 0.312104 0.000000
2.021829 0.107521 1.000000
1.996640 0.226409 1.000000
0.010257 0.224945 1.000000
-0.578920 0.838372 0.000000
0.696771 -0.535494 1.000000
2.044237 0.342372 1.000000
1.596904 -0.330141 1.000000
1.619459 -0.302965 1.000000
0.512703 -0.468267 1.000000
-0.400459 0.900523 0.000000
0.434421 0.883662 0.000000
-0.903956 0.331575 0.000000
0.245717 -0.216411 1.000000
1.987374 0.459252 1.000000
1.900133 0.248248 1.000000
0.403276 0.857583 0.000000
2.041179 0.382464 1.000000
-0.985192 0.159463 0.000000
2.044634 0.363917 1.000000
1.990424 0.455962 1.000000
-0.915036 0.379694 0.000000
0.916375 -0.512384 1.000000
0.180831 -0.038669 1.000000
1.271202 -0.402363 1.000000
-0.483258 0.958051 0.000000
1.299273 -0.387472 1.000000
1.890343 0.280010 1.000000
-0.288391 0.965712 0.000000
-0.832063 0.558732 0.000000
0.975219 0.313413 0.000000
-0.863251 0.434745 0.000000
0.865039 0.474654 0.000000
0.810623 -0.495510 1.000000
-0.009338 1.040724 0.000000
0.088492 0.974062 0.000000
0.498929 -0.259320 1.000000
-0.788557 0.782707 0.000000
0.581747 -0.438670 1.000000
-0.787980 0.585519 0.000000
-0.274834 0.947762 0.000000
0.031746 0.323163 1.000000
1.751277 -0.213800 1.000000
0.764741 -0.469625 1.000000
0.547008 0.856403 0.000000
2.104411 0.431906 1.000000
0.452153 0.897869 0.000000
0.101607 0.071567 1.000000
0.646437 -0.350925 1.000000
0.547163 -0.444375 1.000000
1.018802 0.134121 0.000000
-0.794491 0.738796 0.000000
-0.966370 0.375857 0.000000
0.565126 -0.378734 1.000000
0.644873 0.627389 0.000000
1.601268 -0.301737 1.000000
0.287238 -0.269458 1.000000
0.935679 0.397395 0.000000
0.329375 0.974455 0.000000
0.410782 0.816206 0.000000
-0.482883 0.759612 0.000000
0.468804 0.865679 0.000000
-0.658438 0.764044 0.000000
0.902482 0.590003 0.000000
0.176158 -0.117923 1.000000
0.898284 0.452507 0.000000
0.981855 0.366089 0.000000
0.873236 0.527098 0.000000
1.021090 0.300339 0.000000
1.169508 -0.441088 1.000000
1.051470 0.157394 0.000000
0.932377 -0.528912 1.000000
-0.048144 0.926297 0.000000
1.923075 0.056270 1.000000
-0.489430 0.807409 0.000000
-0.006851 0.431344 1.000000
0.943751 0.407893 0.000000
0.040343 -0.042767 1.000000
1.722144 -0.043819 1.000000
-0.920412 0.170502 0.000000
1.031725 0.317560 0.000000
0.925057 0.330933 0.000000
0.671785 0.704178 0.000000
1.851150 -0.027618 1.000000
1.048080 0.108464 0.000000
0.904099 0.465958 0.000000
-0.881193 0.503184 0.000000
-0.910003 0.385904 0.000000
0.070330 0.153408 1.000000
0.306108 -0.226489 1.000000
-0.583314 0.669977 0.000000
1.675891 -0.199851 1.000000
1.483913 -0.303944 1.000000
1.114673 0.299087 0.000000
0.614803 0.752622 0.000000
0.573226 0.853481 0.000000
1.573568 -0.379988 1.000000
1.191104 -0.476069 1.000000
1.343259 -0.382503 1.000000
0.469010 0.831401 0.000000
0.681196 0.736583 0.000000
-0.952480 0.220296 0.000000
0.691958 0.742914 0.000000
0.752856 0.635022 0.000000
0.966934 0.012813 0.000000
-0.257615 0.950259 0.000000
0.505754 -0.322914 1.000000
0.603295 0.775124 0.000000
1.472739 -0.401959 1.000000
0.418139 -0.361379 1.000000
0.487856 -0.330976 1.000000
0.341948 0.939806 0.000000
-0.490879 0.847070 0.000000
-0.441579 0.842563 0.000000
0.284005 -0.074888 1.000000
1.279939 -0.421790 1.000000
-0.099603 1.035437 0.000000
-0.351979 0.862412 0.000000
-0.391476 0.881205 0.000000
0.796931 0.618544 0.000000
1.679770 -0.204962 1.000000
0.060901 0.498044 1.000000
-0.803066 0.611826 0.000000
0.416318 0.915381 0.000000
1.030502 -0.573003 1.000000
-0.015642 1.036791 0.000000
-0.500269 0.962503 0.000000
0.867916 0.612086 0.000000
-0.269438 1.070437 0.000000
0.495808 0.886342 0.000000
0.077889 0.189415 1.000000
0.563770 -0.452926 1.000000
1.614461 -0.260013 1.000000
0.824197 0.501830 0.000000
-0.448664 0.894483 0.000000
-0.374376 0.898250 0.000000
1.765594 -0.103729 1.000000
1.718704 -0.112842 1.000000
0.040475 0.047282 1.000000
-0.701183 0.711934 0.000000
-0.723625 0.688689 0.000000
-0.929741 -0.013484 0.000000
-0.914317 0.434827 0.000000
0.905220 -0.438947 1.000000
-0.128528 0.955645 0.000000
-0.904018 0.507481 0.000000
-0.997553 0.182332 0.000000
0.625330 -0.460231 1.000000
-0.888499 0.592424 0.000000
1.167724 -0.429829 1.000000
1.490126 -0.485660 1.000000
1.929301 0.110160 1.000000
0.987750 -0.423313 1.000000
0.617378 0.746995 0.000000
0.937005 0.412602 0.000000
0.792408 0.548520 0.000000
0.195961 0.969824 0.000000
0.849880 0.558369 0.000000
-0.943850 0.132627 0.000000
0.007013 0.389193 1.000000
-0.700205 0.669897 0.000000
0.854197 0.334678 0.000000
0.851856 0.498919 0.000000
-1.009043 0.028121 0.000000
0.779065 -0.504676 1.000000
1.261677 -0.463127 1.000000
1.633479 -0.336091 1.000000
1.006765 0.152075 0.000000
0.583050 0.686392 0.000000
-1.101759 0.122784 0.000000
1.987707 0.314986 1.000000
-0.712583 0.562159 0.000000
-0.784840 0.651616 0.000000
1.915656 0.111001 1.000000
1.944818 0.271326 1.000000
2.006936 0.290380 1.000000
0.753326 0.655452 0.000000
0.798656 -0.413313 1.000000
-1.057387 0.199466 0.000000
1.052667 0.228505 0.000000
1.732918 -0.084352 1.000000
0.961808 -0.462485 1.000000
-0.654260 0.672273 0.000000
1.999010 0.313800 1.000000
-0.648644 0.629201 0.000000
0.572719 -0.352718 1.000000
-0.820433 0.542925 0.000000
-0.962586 0.187717 0.000000
0.862065 0.536690 0.000000
0.372940 0.927798 0.000000
1.893793 0.060702 1.000000
0.818098 0.478763 0.000000
-0.971177 0.118922 0.000000
-0.564780 0.837482 0.000000
1.038638 0.087647 0.000000
0.866760 0.366210 0.000000
-0.954349 0.236260 0.000000
1.707918 -0.195284 1.000000
0.049311 0.194763 1.000000
1.845827 -0.081660 1.000000
0.890810 0.591337 0.000000
1.906158 0.031341 1.000000
-0.168706 1.021611 0.000000
-0.907260 0.501884 0.000000
0.303728 0.956927 0.000000
0.387417 -0.213073 1.000000
0.590394 0.817340 0.000000
0.830343 -0.516807 1.000000
0.448827 -0.269509 1.000000
1.928425 0.570578 1.000000
1.995112 0.168272 1.000000
0.258650 0.980644 0.000000
1.923016 0.279892 1.000000
2.071877 0.429283 1.000000
1.759812 -0.128039 1.000000
-0.356146 0.843177 0.000000
0.256163 -0.038031 1.000000
-0.694722 0.640603 0.000000
0.180834 -0.026803 1.000000
1.949487 0.238438 1.000000
-0.694332 0.845151 0.000000
0.074765 0.973720 0.000000
1.957596 0.426963 1.000000
-0.498306 0.895173 0.000000
0.779516 -0.419039 1.000000
0.891325 0.370601 0.000000
1.934926 0.095599 1.000000
-0.842386 0.469774 0.000000
0.688945 0.695830 0.000000
0.379006 1.013768 0.000000
1.018379 0.070450 0.000000
1.030299 0.159406 0.000000
0.854670 0.437257 0.000000
-0.778450 0.639651 0.000000
-0.882992 0.535271 0.000000
-0.853272 0.436561 0.000000
0.821393 -0.397083 1.000000
2.052938 0.223187 1.000000
0.944110 0.256420 0.000000
0.612619 -0.424902 1.000000
-0.013030 1.052275 0.000000
0.123674 0.986095 0.000000
0.451631 0.856837 0.000000
-0.743020 0.732764 0.000000
1.790374 -0.283576 1.000000
-0.694557 0.590688 0.000000
1.598057 -0.386969 1.000000
1.012164 0.093154 0.000000
-0.014548 0.334724 1.000000
-0.885151 0.532679 0.000000
-0.014718 1.000715 0.000000
0.045154 0.332046 1.000000
1.319675 -0.426112 1.000000
0.590129 -0.439246 1.000000
1.470465 -0.456874 1.000000
0.520375 0.729514 0.000000
1.132616 -0.535077 1.000000
-0.558045 0.867756 0.000000
-0.647053 0.809892 0.000000
-0.684553 0.735757 0.000000
0.156163 0.050614 1.000000
-0.040442 0.257091 1.000000
-0.373947 0.886701 0.000000
0.096273 0.978332 0.000000
0.383467 -0.303574 1.000000
0.793741 -0.441942 1.000000
1.783580 -0.119580 1.000000
1.014332 0.217769 0.000000
0.325766 -0.302078 1.000000
1.640084 -0.276455 1.000000
0.013273 0.410180 1.000000
1.904100 0.028366 1.000000
1.689329 -0.195521 1.000000
0.145690 0.033012 1.000000
1.762682 -0.095771 1.000000
-0.808432 0.561944 0.000000
0.384961 -0.298896 1.000000
0.849452 0.610172 0.000000
0.664001 0.689712 0.000000
-0.496785 0.892215 0.000000
0.423276 -0.333826 1.000000
1.989851 0.355099 1.000000
0.943321 0.423854 0.000000
1.132980 -0.444597 1.000000
0.082131 0.969008 0.000000
0.044930 0.498804 1.000000
0.581156 -0.385236 1.000000
2.002132 0.117956 1.000000
0.420797 0.920924 0.000000
-0.125289 0.964772 0.000000
1.339161 -0.484849 1.000000
1.952875 -0.124708 1.000000
0.171052 -0.003363 1.000000
0.894539 -0.491494 1.000000
0.194362 0.872039 0.000000
-0.902849 0.220984 0.000000
1.962811 0.198153 1.000000
-0.001387 1.054318 0.000000
-0.201656 1.049407 0.000000
1.180812 -0.462701 1.000000
-1.021508 0.006750 0.000000
-0.239564 0.950568 0.000000
-0.906113 0.191414 0.000000
0.876049 -0.472954 1.000000
0.299834 -0.049610 1.000000
0.143877 -0.073854 1.000000
0.955822 0.015653 0.000000
0.271988 -0.122427 1.000000
1.991542 0.224300 1.000000
1.564038 -0.314747 1.000000
0.029724 1.043365 0.000000
0.308733 0.949784 0.000000
-0.289436 0.988290 0.000000
1.301906 -0.528042 1.000000
-1.042373 0.105568 0.000000
1.940769 0.026216 1.000000
-0.484212 0.800843 0.000000
0.640716 0.677281 0.000000
-0.876796 0.458655 0.000000
0.699474 -0.504658 1.000000
0.217301 1.042735 0.000000
0.072530 0.352749 1.000000
-0.886843 0.390531 0.000000
0.902082 -0.528152 1.000000
0.808373 0.562799 0.000000
1.110208 -0.592965 1.000000
1.979529 0.172914 1.000000
1.881712 0.162736 1.000000
1.561680 -0.421720 1.000000
0.442761 -0.372543 1.000000
1.548448 -0.354155 1.000000
0.658005 0.693947 0.000000
0.103683 0.064609 1.000000
0.371717 -0.169438 1.000000
0.655449 -0.467448 1.000000
0.193810 -0.145936 1.000000
1.477098 -0.375046 1.000000
-0.822209 0.566741 0.000000
-0.426949 0.901549 0.000000
-0.295758 0.961567 0.000000
0.892034 0.298466 0.000000
0.112475 0.899133 0.000000
1.756247 -0.058007 1.000000
0.649937 -0.425485 1.000000
-1.001883 0.156353 0.000000
0.801540 -0.527900 1.000000
-0.994215 0.126364 0.000000
-0.978647 0.056937 0.000000
0.307945 1.080362 0.000000
0.549514 -0.326346 1.000000
0.838015 -0.534261 1.000000
1.621397 -0.122018 1.000000
0.084113 -0.038291 1.000000
-0.623089 0.757627 0.000000
0.377127 -0.345011 1.000000
0.570561 -0.376419 1.000000
1.953726 0.077648 1.000000
0.479187 -0.387578 1.000000
0.006381 0.147671 1.000000
0.802521 -0.460402 1.000000
1.681891 -0.323688 1.000000
-0.641789 0.687776 0.000000
0.208004 -0.116335 1.000000
1.750136 -0.127809 1.000000
0.200378 1.022473 0.000000
0.142106 -0.158472 1.000000
0.788600 -0.452114 1.000000
0.650251 -0.538915 1.000000
-0.118514 0.977983 0.000000
1.702038 -0.078873 1.000000
0.365874 1.033827 0.000000
0.090245 0.936587 0.000000
0.908260 0.244133 0.000000
1.074953 0.037792 0.000000
0.133130 -0.114716 1.000000
1.179306 -0.506432 1.000000
0.431472 0.830311 0.000000
1.145805 -0.558395 1.000000
1.820304 0.062903 1.000000
0.819514 0.483390 0.000000
0.201616 -0.042822 1.000000
-1.034463 0.194843 0.000000
0.689822 0.791685 0.000000
-0.947599 0.410637 0.000000
0.123744 1.054343 0.000000
-0.116556 0.999038 0.000000
1.441565 -0.355438 1.000000
1.445754 -0.417657 1.000000
-0.459475 0.921115 0.000000
-0.782627 0.746156 0.000000
0.304449 0.899879 0.000000
0.582829 0.815722 0.000000
0.242102 -0.195620 1.000000
-0.080010 0.299447 1.000000
0.827029 0.585349 0.000000
-0.888207 0.449107 0.000000
1.800082 0.001458 1.000000
1.428530 -0.265619 1.000000
0.326065 -0.064000 1.000000
0.477867 0.929176 0.000000
-0.547961 0.733846 0.000000
1.174549 -0.456915 1.000000
-0.853744 0.495776 0.000000
1.036162 0.142536 0.000000
0.493301 -0.333835 1.000000
-0.829912 0.582342 0.000000
0.593150 0.829602 0.000000
1.013437 0.128249 0.000000
0.594003 0.925196 0.000000
0.207590 -0.093296 1.000000
0.283856 0.903722 0.000000
0.843533 0.442180 0.000000
0.434128 0.956329 0.000000
1.838287 0.034657 1.000000
0.579750 -0.440704 1.000000
1.734176 -0.246103 1.000000
2.011389 0.384985 1.000000
0.889351 -0.571022 1.000000
-1.063493 0.222898 0.000000
1.020708 -0.426138 1.000000
-0.954679 0.111525 0.000000
0.458763 -0.311533 1.000000
1.420550 -0.431013 1.000000
0.247332 -0.146514 1.000000
-0.668484 0.801926 0.000000
0.132971 0.939300 0.000000
-0.738039 0.488948 0.000000
0.171490 0.911350 0.000000
-0.970941 0.146015 0.000000
0.083711 0.987868 0.000000
-0.813073 0.601459 0.000000
0.115337 0.159335 1.000000
0.700899 -0.405018 1.000000
1.352663 -0.461504 1.000000
0.418484 -0.264710 1.000000
1.400082 -0.399593 1.000000
1.975759 0.409329 1.000000
0.577681 0.763736 0.000000
0.313783 -0.194282 1.000000
1.522617 -0.335330 1.000000
0.996889 -0.489339 1.000000
-0.563483 0.800617 0.000000
0.733277 0.607461 0.000000
0.867594 0.427752 0.000000
-0.641553 0.674138 0.000000
1.731555 -0.187967 1.000000
0.904596 0.201542 0.000000
0.020235 0.240339 1.000000
0.307683 0.969041 0.000000
0.257094 -0.048492 1.000000
0.033746 0.127420 1.000000
-0.902734 0.460615 0.000000
0.042704 0.450454 1.000000
1.370178 -0.421335 1.000000
1.703419 -0.214131 1.000000
1.917445 0.002191 1.000000
-0.884522 0.687933 0.000000
0.194227 -0.057423 1.000000
0.529929 0.864023 0.000000
0.460359 -0.389693 1.000000
-0.182022 1.107462 0.000000
0.224056 0.974162 0.000000
-0.001928 0.422245 1.000000
0.574923 0.789258 0.000000
1.577768 -0.345832 1.000000
0.603362 -0.470424 1.000000
-0.674794 0.689276 0.000000
0.912400 0.190766 0.000000
0.459818 -0.349175 1.000000
0.515961 -0.423340 1.000000
0.039251 0.233178 1.000000
1.214665 -0.458894 1.000000
1.933494 0.351316 1.000000
0.830669 0.619109 0.000000
-0.942888 0.318937 0.000000
0.475519 -0.331889 1.000000
0.719253 0.694350 0.000000
0.625196 -0.449429 1.000000
1.247075 -0.493321 1.000000
0.239649 -0.026630 1.000000
0.975407 0.003901 0.000000
-0.375518 0.941893 0.000000
1.758905 -0.202278 1.000000
0.546985 -0.240427 1.000000
-0.006107 0.332636 1.000000
0.063572 0.098963 1.000000
-0.233448 1.018336 0.000000
0.929327 0.519574 0.000000
1.271565 -0.517655 1.000000
1.686846 -0.284570 1.000000
1.714946 -0.139730 1.000000
1.341153 -0.429177 1.000000
0.901739 -0.510652 1.000000
0.885287 0.558535 0.000000
0.049069 0.076980 1.000000
0.272516 0.937403 0.000000
0.872469 0.518972 0.000000
0.900451 -0.486526 1.000000
0.119496 0.925216 0.000000
1.961410 0.426453 1.000000
0.331424 -0.222526 1.000000
1.487672 -0.316059 1.000000
0.610843 -0.478058 1.000000
0.188012 0.906603 0.000000
0.611776 -0.437108 1.000000
1.059629 -0.416883 1.000000
-0.966884 0.081307 0.000000
0.902299 0.332871 0.000000
-0.263279 0.883294 0.000000
0.052910 0.026395 1.000000
1.935134 0.107635 1.000000
0.474922 0.912103 0.000000
1.740381 0.013634 1.000000
0.051170 0.977247 0.000000
0.862174 0.601648 0.000000
0.794438 0.622358 0.000000
-1.015606 0.294116 0.000000
2.019067 0.487563 1.000000
-0.912768 0.165565 0.000000
1.151720 -0.486080 1.000000
-0.930984 0.402139 0.000000
1.402344 -0.350124 1.000000
0.195588 -0.182845 1.000000
0.536843 -0.382505 1.000000
1.032177 -0.517620 1.000000
-0.035303 1.036188 0.000000
1.097050 -0.461038 1.000000
1.638048 -0.360262 1.000000
1.000437 0.243045 0.000000
0.046433 0.957371 0.000000
0.110888 0.043632 1.000000
0.301897 1.038175 0.000000
0.030386 0.994445 0.000000
0.834879 0.408340 0.000000
0.105050 0.975416 0.000000
-0.949083 0.420646 0.000000
1.852810 0.096461 1.000000
0.938219 0.179658 0.000000
0.911380 0.319023 0.000000
0.671795 0.653124 0.000000
0.638348 0.721650 0.000000
-0.013836 0.514615 1.000000
0.936755 0.550188 0.000000
-0.144893 0.959061 0.000000
0.833853 -0.463590 1.000000
0.876963 0.618123 0.000000
1.046978 -0.471873 1.000000
-0.949537 0.339964 0.000000
1.638466 -0.269170 1.000000
0.744729 0.531982 0.000000
1.877121 -0.050969 1.000000
-0.693061 0.739303 0.000000
0.476246 0.858378 0.000000
1.881531 0.101495 1.000000
-0.681453 0.609847 0.000000
0.127978 -0.094080 1.000000
0.536662 0.790353 0.000000
0.148155 0.951335 0.000000
1.888693 0.157242 1.000000
-0.973212 -0.004534 0.000000
-0.354821 0.981369 0.000000
0.040140 0.442784 1.000000
0.295768 -0.197342 1.000000
0.073862 0.087736 1.000000
1.120201 0.381544 0.000000
0.148428 -0.079611 1.000000
0.240840 -0.170067 1.000000
-0.808728 0.502265 0.000000
-0.990173 0.146767 0.000000
0.972263 -0.479802 1.000000
1.125773 -0.465122 1.000000
-0.910288 0.376550 0.000000
1.910648 0.161922 1.000000
0.881233 0.501561 0.000000
0.115843 -0.033374 1.000000
1.229754 -0.371186 1.000000
-0.278233 0.895075 0.000000
-0.216885 1.034838 0.000000
0.683764 0.667302 0.000000
0.505301 0.791438 0.000000
0.722315 0.603350 0.000000
1.691777 -0.257786 1.000000
0.023977 1.052481 0.000000
-0.275848 0.943853 0.000000
0.405890 0.883164 0.000000
1.553537 -0.459419 1.000000
-0.942972 0.407312 0.000000
2.022793 0.436013 1.000000
1.048214 0.230614 0.000000
1.708438 -0.140350 1.000000
0.121614 0.143142 1.000000
0.803650 0.666311 0.000000
-0.216977 0.985669 0.000000
-0.536588 0.926786 0.000000
-0.013889 1.011767 0.000000
0.933169 0.388851 0.000000
0.292094 0.950714 0.000000
-0.015866 0.218479 1.000000
1.783962 -0.055754 1.000000
1.327444 -0.419794 1.000000
0.095531 -0.116614 1.000000
0.725631 0.822368 0.000000
0.892294 0.545189 0.000000
0.858312 0.386468 0.000000
-0.361695 0.946918 0.000000
0.831832 -0.495627 1.000000
-0.408101 0.883826 0.000000
1.532577 -0.404579 1.000000
1.282519 -0.434882 1.000000
-0.751776 0.645701 0.000000
1.042871 0.064151 0.000000
0.796142 -0.474248 1.000000
-0.240145 0.971699 0.000000
0.376249 -0.277469 1.000000
0.022360 0.963796 0.000000
1.480706 -0.335313 1.000000
0.019650 0.340123 1.000000
0.982173 0.091906 0.000000
0.304476 -0.250953 1.000000
-0.884089 -0.034951 0.000000
1.885342 -0.178895 1.000000
-0.365249 1.034557 0.000000
-0.097062 0.966766 0.000000
-0.097324 0.236455 1.000000
0.573033 0.623332 0.000000
0.714065 -0.367048 1.000000
0.929493 0.268599 0.000000
2.001429 0.487659 1.000000
-0.926164 0.349340 0.000000
0.517590 -0.459087 1.000000
2.013573 0.264774 1.000000
1.274059 -0.494987 1.000000
-0.637902 0.641850 0.000000
