x1,x2,y
0.795898,-1.19714,1.06535e+09
0.794749,1.17364,0
-0.213685,0.524093,0
-1.34962,0.556302,0
-0.864008,0.99588,0
1.90307,0.363062,1.06535e+09
0.457982,0.640204,0
-0.002637,0.292141,1.06535e+09
1.75534,0.159172,1.06535e+09
0.826233,-0.534704,1.06535e+09
0.315477,0.500891,0
0.137056,-0.309576,1.06535e+09
1.31459,0.230658,0
-1.4043,0.535015,0
-1.06373,0.747763,0
-1.02656,0.346081,0
-0.071559,1.3852,0
0.272137,0.615935,0
1.66736,-0.368867,1.06535e+09
-0.031833,0.98739,0
1.74497,-0.026694,1.06535e+09
0.492115,-0.103456,1.06535e+09
1.10804,-0.624849,1.06535e+09
-0.227319,0.177192,1.06535e+09
1.90931,0.48844,1.06535e+09
-0.938874,0.260022,0
1.7049,-0.321977,1.06535e+09
1.89362,0.744741,0
-0.244033,0.706718,0
0.324125,-0.33872,1.06535e+09
1.66224,0.614325,0
0.981539,1.15307,0
-0.378208,1.06172,0
-0.022668,0.474724,1.06535e+09
0.960654,0.664672,0
-0.721747,0.646832,0
1.33422,1.00013,0
-0.391396,0.796593,0
-0.138103,0.610418,0
0.14588,-0.096245,1.06535e+09
1.29969,0.4967,0
2.47021,0.455728,1.06535e+09
-0.196884,0.709314,0
1.77848,-0.787388,1.06535e+09
1.09062,0.340248,0
0.609915,0.164708,0
0.458315,0.753803,0
-0.07017,-0.044283,1.06535e+09
0.390206,-0.978584,1.06535e+09
-1.30822,-0.282313,0
-0.907704,-0.076562,0
1.48159,-0.843251,1.06535e+09
-0.05637,0.487322,1.06535e+09
-1.27012,0.369228,0
1.45673,-0.362613,1.06535e+09
-0.958023,-0.009052,0
0.628073,1.23136,0
0.702263,-0.224699,1.06535e+09
1.33577,0.546425,0
0.676385,-0.254009,1.06535e+09
-1.18402,0.668612,0
0.739176,0.86627,0
-0.248489,0.843038,0
0.451789,0.262779,0
1.90213,-0.220348,1.06535e+09
-0.007194,0.434602,1.06535e+09
0.129419,0.969485,0
1.43767,-0.624038,1.06535e+09
0.908589,0.447757,0
-0.371573,0.78759,0
0.302257,0.16648,1.06535e+09
-0.735976,0.915006,0
-0.538924,0.733103,0
-0.098421,0.06175,1.06535e+09
1.86761,-0.322404,1.06535e+09
1.56584,-0.397925,1.06535e+09
-0.46103,0.686163,0
1.50606,-0.196096,1.06535e+09
0.087326,0.558339,0
1.76619,-0.307622,1.06535e+09
1.89594,0.05411,1.06535e+09
1.94911,-0.090283,1.06535e+09
1.17297,-0.659438,1.06535e+09
0.566868,0.412206,0
1.16048,0.006224,0
1.45628,-0.4639,1.06535e+09
0.411937,0.661943,0
-0.029434,1.38281,0
-0.354006,0.381828,0
0.274815,0.739988,0
2.35729,0.013726,1.06535e+09
-1.57776,0.296981,0
0.791415,0.286531,0
0.18109,0.345696,1.06535e+09
0.857735,0.59521,0
2.33799,-0.218456,1.06535e+09
-0.139027,-0.125342,1.06535e+09
-0.058655,-0.148835,1.06535e+09
-0.025862,-0.450907,1.06535e+09
-0.832467,-0.725169,0
-0.458115,0.757866,0
1.1533,0.225943,0
1.73343,0.614378,0
-1.29355,0.093364,0
0.333129,1.16498,0
1.01939,0.768041,0
1.50206,-0.282017,1.06535e+09
0.035377,-0.693459,1.06535e+09
1.2329,-0.236285,1.06535e+09
1.15814,-0.487456,1.06535e+09
-0.070215,1.58955,0
-1.31158,-0.085563,0
0.341927,0.040105,1.06535e+09
0.491203,0.274263,0
0.619945,-0.495346,1.06535e+09
1.0357,-0.804459,1.06535e+09
1.26521,-0.433338,1.06535e+09
1.25112,-0.710083,1.06535e+09
-0.649921,0.826084,0
0.600175,-0.619757,1.06535e+09
0.206804,0.481387,1.06535e+09
-0.450866,0.332657,0
-1.00772,1.49363,0
0.974068,-0.426812,1.06535e+09
1.98076,-0.237945,1.06535e+09
1.63335,0.072615,1.06535e+09
1.48093,0.173659,1.06535e+09
-0.594034,1.08989,0
0.753545,0.467168,0
0.758191,-0.297422,1.06535e+09
0.079897,0.761589,0
1.90989,-0.156361,1.06535e+09
0.317429,-0.671152,1.06535e+09
1.67502,0.126427,1.06535e+09
1.02499,-0.418019,1.06535e+09
-0.249948,0.503665,0
1.73996,-0.07058,1.06535e+09
1.28062,0.084759,0
-0.424655,0.161798,0
2.16052,0.121776,1.06535e+09
-0.884253,0.374706,0
-0.694504,0.063971,0
-0.769157,-0.023994,0
-0.006868,-0.046406,1.06535e+09
0.466969,-0.046657,1.06535e+09
-0.400277,0.477908,0
0.78783,-0.61726,1.06535e+09
-0.369144,0.726002,0
0.049978,0.255262,1.06535e+09
0.61359,0.079112,1.06535e+09
-0.831517,0.505039,0
-0.055326,-0.713713,1.06535e+09
-0.048194,0.031118,1.06535e+09
-1.30124,0.54762,0
0.837907,0.128103,0
1.69407,0.251895,1.06535e+09
1.76468,-0.995378,1.06535e+09
0.732006,-0.791335,1.06535e+09
0.567492,0.488891,0
1.68594,-0.529995,1.06535e+09
-0.524913,1.42047,0
0.722001,-0.017352,1.06535e+09
0.828235,-0.050026,1.06535e+09
0.744996,0.470542,0
0.937568,-0.679368,1.06535e+09
0.76156,-0.186642,1.06535e+09
-0.171682,0.019979,1.06535e+09
0.293019,1.08148,0
1.60731,0.086915,1.06535e+09
0.757697,-0.502338,1.06535e+09
1.15751,0.328959,0
0.659446,0.717964,0
0.571223,0.077938,1.06535e+09
1.05061,-0.294762,1.06535e+09
2.13517,-0.116396,1.06535e+09
0.407333,0.584318,0
-0.238848,-0.581044,1.06535e+09
2.35381,0.318296,1.06535e+09
1.90691,-0.09924,1.06535e+09
-0.721612,0.739013,0
1.6703,-0.013211,1.06535e+09
1.2288,-0.60434,1.06535e+09
0.568657,1.15954,0
0.338786,-0.30794,1.06535e+09
-0.235803,1.02975,0
1.57305,1.11601,0
-0.429467,-0.380534,1.06535e+09
0.138942,-0.060372,1.06535e+09
1.97857,-0.031478,1.06535e+09
-0.100031,1.17721,0
2.29494,0.373217,1.06535e+09
1.15004,0.178005,0
-0.521165,0.883008,0
-0.678419,0.362865,0
1.98199,-0.025573,1.06535e+09
-0.016535,0.886687,0
1.16953,-0.646994,1.06535e+09
0.988753,-0.76532,1.06535e+09
2.14499,0.46788,1.06535e+09
1.11444,0.439902,0
0.842107,0.51063,0
1.7581,0.225854,1.06535e+09
1.25332,-0.227164,1.06535e+09
-0.921898,0.576733,0
1.46036,0.007323,1.06535e+09
-1.22247,-0.216041,0
0.488918,1.19074,0
-0.214514,0.362434,1.06535e+09
1.74516,-0.371773,1.06535e+09
-1.25589,-0.628414,0
-1.40654,0.989588,0
-0.051792,0.449086,1.06535e+09
1.6308,0.157262,1.06535e+09
0.158212,0.062931,1.06535e+09
1.58485,0.723704,0
0.348522,-0.141839,1.06535e+09
-0.831628,0.757144,0
0.95511,-0.280238,1.06535e+09
0.381974,0.797017,0
-0.38853,1.03391,0
1.50001,0.041002,1.06535e+09
-0.653891,0.943121,0
1.18493,0.538559,0
-0.846347,0.289276,0
0.971187,0.442623,0
0.661603,-0.831774,1.06535e+09
2.06335,-0.025262,1.06535e+09
0.725679,-0.520211,1.06535e+09
0.203349,1.13663,0
-1.22403,0.30312,0
1.61689,-0.005606,1.06535e+09
-0.360117,0.481161,0
-1.36464,0.328212,0
-0.910585,0.9239,0
1.28475,-0.213229,1.06535e+09
0.197381,0.649961,0
-1.29197,-0.071781,0
0.132213,0.388586,1.06535e+09
0.696435,-0.346528,1.06535e+09
-1.0136,0.875695,0
2.00687,0.30781,1.06535e+09
-0.355872,1.23058,0
-1.14065,0.949533,0
-0.058028,0.585655,0
2.29266,0.037787,1.06535e+09
2.5604,0.179012,1.06535e+09
0.49381,0.316638,0
0.942855,-0.232991,1.06535e+09
-1.14638,-0.360904,0
1.66128,-0.569247,1.06535e+09
-0.09606,0.842279,0
-0.251962,0.551531,0
0.26527,0.56144,0
2.32804,-0.530223,1.06535e+09
0.285744,0.692562,0
2.1892,0.318821,1.06535e+09
-1.05623,0.33405,0
-0.142562,1.0966,0
1.15138,-0.144443,1.06535e+09
0.930202,-0.49064,1.06535e+09
1.54907,-0.238751,1.06535e+09
-0.050989,0.286254,1.06535e+09
0.502494,-0.284178,1.06535e+09
0.29736,1.10064,0
1.65739,0.326134,1.06535e+09
-0.207146,0.877504,0
-0.101366,0.651577,0
-0.244881,0.877928,0
1.33039,-0.104308,1.06535e+09
-1.31739,0.25827,0
-0.218235,0.386424,1.06535e+09
0.620938,0.771001,0
0.920125,-0.830646,1.06535e+09
1.75257,0.255828,1.06535e+09
2.02266,-0.020969,1.06535e+09
0.584392,-0.648952,1.06535e+09
-0.583381,0.669825,0
-0.286131,0.672195,0
0.800928,-0.418353,1.06535e+09
1.32658,-0.390585,1.06535e+09
1.32672,0.918456,0
0.125312,0.809493,0
-0.614465,0.707792,0
0.680249,0.282337,0
-0.76912,1.01705,0
1.49953,-0.547575,1.06535e+09
1.36546,-0.361952,1.06535e+09
0.517316,0.112722,1.06535e+09
0.71154,0.730172,0
1.40486,-0.633521,1.06535e+09
0.807944,-0.594688,1.06535e+09
0.684511,-0.205256,1.06535e+09
1.56026,0.343073,1.06535e+09
-0.237532,1.33863,0
-0.684171,0.609415,0
0.902791,1.19213,0
-0.635299,0.434108,0
1.06902,-0.312798,1.06535e+09
2.06003,-0.013893,1.06535e+09
-0.239168,0.156695,1.06535e+09
0.500346,-0.331625,1.06535e+09
0.019007,0.415149,1.06535e+09
-0.027513,-0.511254,1.06535e+09
0.38159,0.163776,1.06535e+09
0.856643,0.305091,0
-1.34077,0.095383,0
-1.03337,0.090774,0
-1.09399,0.174558,0
0.364032,1.27638,0
1.29274,0.068829,1.06535e+09
-0.35521,0.553487,0
1.32019,0.655657,0
2.02647,-0.210964,1.06535e+09
-0.662866,0.338522,0
1.88935,-0.068335,1.06535e+09
-0.567121,-0.423372,0
1.02286,-0.418684,1.06535e+09
-0.888319,0.114283,0
0.207015,-0.113057,1.06535e+09
-0.810674,0.53388,0
-0.546134,0.588275,0
1.92968,-0.210526,1.06535e+09
-0.039589,0.153755,1.06535e+09
-0.068201,0.204817,1.06535e+09
-0.106226,0.894658,0
1.28374,-0.22533,1.06535e+09
-0.036693,0.205516,1.06535e+09
-0.083737,0.658363,0
-0.141418,-0.120271,1.06535e+09
0.611843,0.898189,0
1.12084,-0.307803,1.06535e+09
-0.014256,-0.591692,1.06535e+09
0.151525,-0.060153,1.06535e+09
0.31236,0.897238,0
1.55527,-0.404806,1.06535e+09
1.08787,-0.741721,1.06535e+09
0.502619,-0.437649,1.06535e+09
1.5793,-0.442072,1.06535e+09
0.947809,0.621087,0
1.76319,-0.020272,1.06535e+09
2.19804,0.1656,1.06535e+09
0.472572,0.133182,1.06535e+09
0.53642,-0.169336,1.06535e+09
-0.343338,0.723882,0
0.663259,-0.08613,1.06535e+09
-1.2844,0.302768,0
-0.740361,0.315773,0
1.30604,-0.395472,1.06535e+09
1.0327,-0.750655,1.06535e+09
1.09473,0.137671,0
0.635405,1.03826,0
0.621227,1.08098,0
0.718969,-0.692925,1.06535e+09
-0.182236,0.681437,0
-0.931493,0.689214,0
0.404391,-0.108594,1.06535e+09
-0.603592,0.105406,0
0.306802,1.12338,0
1.04472,-1.20944,1.06535e+09
1.97344,-0.097614,1.06535e+09
1.35245,-0.000414,1.06535e+09
0.63343,1.08614,0
0.039541,0.165432,1.06535e+09
0.87857,0.621367,0
-0.466551,0.713662,0
0.972782,0.448474,0
-1.09907,-0.044821,0
1.56356,-0.940215,1.06535e+09
0.07537,1.25933,0
-1.13888,1.37695,0
-0.086651,0.200461,1.06535e+09
0.380324,0.284666,1.06535e+09
1.44693,0.650918,0
0.509056,-0.1288,1.06535e+09
0.508728,1.08794,0
-0.731826,0.089673,0
0.74628,0.675426,0
2.40737,0.704086,1.06535e+09
-1.0558,0.847168,0
-1.33897,0.76524,0
0.185188,-0.580855,1.06535e+09
-1.29115,0.317652,0
-0.235432,0.641505,0
0.749367,0.641953,0
2.22379,0.182337,1.06535e+09
1.88435,-0.725863,1.06535e+09
-0.234601,1.15507,0
1.5492,-0.74229,1.06535e+09
-0.089273,1.09427,0
1.14835,0.85302,0
0.64429,1.07495,0
-0.074077,0.035128,1.06535e+09
0.205679,-0.251798,1.06535e+09
1.76287,0.14382,1.06535e+09
-0.249591,0.123489,1.06535e+09
1.08982,-0.357732,1.06535e+09
1.49765,-0.89311,1.06535e+09
1.01384,-0.147453,1.06535e+09
0.456318,0.481817,0
1.62497,-0.212419,1.06535e+09
-0.524747,0.754979,0
0.303529,0.536635,0
1.56947,0.054315,1.06535e+09
-0.286919,1.15514,0
0.234535,1.17425,0
0.78794,0.082009,0
1.54668,-0.069944,1.06535e+09
0.51431,-0.125969,1.06535e+09
0.162181,0.145558,1.06535e+09
2.31137,-0.015458,1.06535e+09
0.929876,1.18019,0
-0.429127,0.502261,0
-0.982795,0.596232,0
0.001511,0.710002,0
2.0679,-0.226544,1.06535e+09
-0.62633,0.513284,0
0.830861,-0.229485,1.06535e+09
0.682916,-0.301057,1.06535e+09
1.20461,-0.27313,1.06535e+09
-0.167038,-0.099131,1.06535e+09
0.681129,-0.248991,1.06535e+09
1.29475,-0.505752,1.06535e+09
0.343664,-0.327245,1.06535e+09
1.77615,0.957105,0
0.094625,-0.568747,1.06535e+09
0.331138,1.1371,0
0.817368,-0.197976,1.06535e+09
-0.668502,1.02889,0
0.344694,1.02857,0
0.815827,0.260399,0
0.55911,-0.735264,1.06535e+09
1.05461,-0.239707,1.06535e+09
-0.894593,0.051269,0
-0.201755,-0.006055,1.06535e+09
0.424832,0.836812,0
0.451523,0.391325,0
-1.2302,0.539954,0
0.735247,-0.196705,1.06535e+09
1.72089,0.240011,1.06535e+09
0.078309,0.961669,0
1.98559,-0.522175,1.06535e+09
0.555522,1.29558,0
0.073993,0.506702,1.06535e+09
0.335006,0.08782,1.06535e+09
-0.209629,-0.080793,1.06535e+09
-0.7292,1.36611,0
-0.98813,1.06775,0
-0.723538,0.288718,0
0.034134,0.943047,0
0.901384,0.979114,0
0.278456,1.55729,0
0.248581,0.068166,1.06535e+09
-0.245683,0.981241,0
1.10287,-0.410736,1.06535e+09
0.738619,-0.78791,1.06535e+09
0.157521,0.806118,0
-0.062921,1.12336,0
0.6929,-0.388903,1.06535e+09
0.275402,1.2461,0
0.67891,-0.605915,1.06535e+09
0.687335,-0.087611,1.06535e+09
-0.572962,1.26786,0
1.20922,0.174211,0
-0.547895,0.631112,0
0.53759,-0.380697,1.06535e+09
0.384766,0.070487,1.06535e+09
1.43607,0.693236,0
1.01979,0.330459,0
0.496563,0.082798,1.06535e+09
1.2718,-0.294417,1.06535e+09
1.61411,-0.28065,1.06535e+09
2.48059,-0.005323,1.06535e+09
0.092832,0.832097,0
2.39574,0.228123,1.06535e+09
-0.938606,0.62634,0
2.09446,-0.009557,1.06535e+09
1.29096,-0.257375,1.06535e+09
-1.07504,0.763641,0
1.20899,-0.313254,1.06535e+09
0.137811,-0.320813,1.06535e+09
2.01155,-0.221043,1.06535e+09
1.3777,-0.042122,1.06535e+09
0.330889,0.798246,0
1.47346,-0.962722,1.06535e+09
0.797002,-0.130867,1.06535e+09
1.97383,-0.47055,1.06535e+09
0.938937,0.361571,0
0.854844,1.56534,0
1.16021,-0.060623,1.06535e+09
0.679829,0.529448,0
1.6221,0.353102,1.06535e+09
2.39006,-0.467292,1.06535e+09
1.49708,-0.444565,1.06535e+09
1.47028,-0.323014,1.06535e+09
1.26744,-0.597235,1.06535e+09
-0.613601,1.03768,0
0.811073,0.148274,0
0.379655,-0.784658,1.06535e+09
-0.019132,0.596167,0
1.93383,-0.340482,1.06535e+09
-0.083497,0.958078,0
0.80183,0.416704,0
-0.923358,0.892254,0
0.164919,-0.064301,1.06535e+09
1.01035,1.17617,0
0.117468,0.155898,1.06535e+09
1.97972,-0.014378,1.06535e+09
0.523001,-0.841733,1.06535e+09
0.746018,1.25886,0
0.720901,0.873513,0
-0.93376,0.637304,0
-0.73507,0.690534,0
1.18761,-0.568412,1.06535e+09
1.83131,0.367824,1.06535e+09
1.73403,-0.300379,1.06535e+09
1.74106,0.042743,1.06535e+09
0.885735,0.399512,0
-0.714987,0.49929,0
0.362097,-0.276603,1.06535e+09
0.804957,-0.535685,1.06535e+09
0.288231,-0.476031,1.06535e+09
-0.110253,1.07363,0
0.238031,-0.425159,1.06535e+09
-0.352947,1.21113,0
-0.063026,0.646843,0
0.470397,1.03564,0
0.282164,0.761268,0
-1.06068,1.4826,0
0.984448,0.433999,0
1.68173,-0.815129,1.06535e+09
-0.158267,0.073449,1.06535e+09
1.93932,-0.378769,1.06535e+09
1.54796,0.07058,1.06535e+09
-0.263348,0.590245,0
0.620721,0.036081,1.06535e+09
1.71887,0.403768,1.06535e+09
1.98043,-0.04694,1.06535e+09
-0.100399,-0.466335,1.06535e+09
1.14022,-0.474062,1.06535e+09
-1.31961,0.20769,0
-0.026304,1.25415,0
-0.68421,0.926694,0
2.37647,0.445323,1.06535e+09
-0.124586,0.14563,1.06535e+09
-0.082359,0.804748,0
1.72249,-0.225377,1.06535e+09
1.04478,-0.035967,0
1.91119,0.359158,1.06535e+09
0.794639,-0.313293,1.06535e+09
0.590282,1.61369,0
0.786713,-0.664534,1.06535e+09
1.32415,-0.364495,1.06535e+09
0.317897,0.85006,0
1.32556,-0.880305,1.06535e+09
1.10925,-0.793294,1.06535e+09
0.407721,-0.077801,1.06535e+09
-1.00086,0.91918,0
-0.141968,0.661237,0
0.493126,1.07438,0
0.277637,0.222161,1.06535e+09
0.799036,-0.234055,1.06535e+09
1.4368,-0.57599,1.06535e+09
0.753512,-0.154985,1.06535e+09
-0.151101,0.679224,0
2.14446,0.061625,1.06535e+09
-1.21116,0.493289,0
-1.15758,0.469262,0
-1.72677,0.081121,0
1.22553,-0.450212,1.06535e+09
1.88696,-0.011014,1.06535e+09
0.497099,-0.051415,1.06535e+09
-0.10494,1.00049,0
0.436274,1.03691,0
-0.715606,0.59435,0
-0.671217,0.852682,0
0.764403,0.469015,0
0.801524,-0.55533,1.06535e+09
1.5004,0.215449,1.06535e+09
0.582123,0.621659,0
0.919857,-0.070412,1.06535e+09
1.14429,-0.38187,1.06535e+09
0.869745,0.492077,0
1.76901,0.14275,1.06535e+09
0.894045,-0.16771,1.06535e+09
0.464935,0.843522,0
0.14748,0.138394,1.06535e+09
-0.409731,0.431759,0
0.35905,0.896453,0
0.362809,0.097367,1.06535e+09
-0.472845,0.564085,0
-0.575818,1.1713,0
0.013393,-0.23871,1.06535e+09
0.591809,-0.997502,1.06535e+09
1.59805,-0.089486,1.06535e+09
1.01996,0.402468,0
1.19052,-0.563806,1.06535e+09
1.9299,-0.684099,1.06535e+09
0.125608,-0.331536,1.06535e+09
-0.479827,1.04941,0
1.56483,-0.495382,1.06535e+09
-0.05324,0.879044,0
1.88185,0.158204,1.06535e+09
0.013535,0.403997,1.06535e+09
-0.294002,0.673101,0
0.677103,-0.108015,1.06535e+09
0.575525,0.215788,0
-0.558887,1.08613,0
0.227577,0.151143,1.06535e+09
0.355785,1.28452,0
-1.00486,0.823909,0
-0.478862,0.809922,0
-1.00951,0.547996,0
1.14067,-0.205492,1.06535e+09
1.098,0.178097,0
-0.259413,1.50568,0
-0.669556,0.191831,0
-0.225562,-0.442143,1.06535e+09
-0.458243,1.05138,0
1.51455,-0.093471,1.06535e+09
2.248,0.603979,1.06535e+09
1.7721,-0.492629,1.06535e+09
1.44798,-0.33853,1.06535e+09
2.12807,-0.358668,1.06535e+09
0.163038,-0.239866,1.06535e+09
0.469625,0.844566,0
0.97007,0.9283,0
-0.043796,0.00899,1.06535e+09
1.46235,0.276554,1.06535e+09
0.511892,0.797469,0
-0.412036,0.643029,0
1.18255,-0.808641,1.06535e+09
-0.095715,0.633287,0
1.19843,0.494908,0
0.805708,0.373737,0
0.211375,1.19443,0
0.097967,1.3721,0
0.783229,0.919781,0
1.02987,0.561672,0
-0.391588,0.389555,0
-0.542685,0.785634,0
-0.181204,0.288465,1.06535e+09
1.56704,-0.329936,1.06535e+09
1.93943,0.273511,1.06535e+09
-1.05083,-0.348649,0
1.667,0.441263,1.06535e+09
0.931674,0.093531,0
0.367113,0.62545,0
0.640021,0.600286,0
1.77482,0.062232,1.06535e+09
-0.739852,0.484639,0
-1.11314,0.310365,0
0.653079,-0.839497,1.06535e+09
2.28831,0.333197,1.06535e+09
1.22859,0.37773,0
-1.24239,-0.054904,0
1.07851,-0.453871,1.06535e+09
1.70678,-0.258718,1.06535e+09
0.25133,1.0643,0
0.923685,-0.601792,1.06535e+09
1.02918,-0.320415,1.06535e+09
1.80215,-0.741395,1.06535e+09
1.52736,-0.262792,1.06535e+09
1.94512,-0.07403,1.06535e+09
0.505104,-0.327345,1.06535e+09
0.123755,0.511868,1.06535e+09
0.25129,0.12188,1.06535e+09
-0.285122,0.374647,0
0.222831,0.249032,1.06535e+09
0.376769,0.064354,1.06535e+09
0.295972,1.16751,0
2.32377,0.726161,1.06535e+09
-0.262854,0.518656,0
0.193999,0.155234,1.06535e+09
1.29064,-0.367791,1.06535e+09
1.74842,-0.47655,1.06535e+09
0.090866,-0.342064,1.06535e+09
-0.001209,1.42969,0
1.44156,0.709913,0
0.638764,0.287364,0
1.0427,-0.175804,1.06535e+09
-1.0348,1.14626,0
0.382979,0.447136,0
1.39308,1.00515,0
-0.527127,0.699451,0
0.716416,0.735848,0
-0.229237,0.619031,0
2.00298,-0.052909,1.06535e+09
-1.03892,0.470406,0
2.03232,0.043725,1.06535e+09
-0.061319,0.737197,0
0.485229,1.05764,0
0.476396,0.209935,1.06535e+09
1.63613,-0.352295,1.06535e+09
0.26223,0.258068,1.06535e+09
-1.01648,0.153093,0
1.50529,0.092328,1.06535e+09
-0.124506,-0.578866,1.06535e+09
-0.13336,0.053965,1.06535e+09
-0.065654,-0.355048,1.06535e+09
-0.763696,1.18488,0
1.0468,0.630004,0
-0.06654,0.235645,1.06535e+09
1.94864,-0.536791,1.06535e+09
-1.09667,0.824691,0
0.454487,0.226292,1.06535e+09
-0.379283,-0.115065,1.06535e+09
-0.896491,0.662002,0
2.2379,-0.454109,1.06535e+09
2.00844,0.037395,1.06535e+09
2.10649,-0.147713,1.06535e+09
0.296838,0.906457,0
-0.831437,0.408762,0
1.4643,-0.084394,1.06535e+09
0.754349,-0.662289,1.06535e+09
1.57661,0.110547,1.06535e+09
0.17644,1.11253,0
0.816178,0.091358,0
2.50454,-0.156394,1.06535e+09
0.389536,-0.60145,1.06535e+09
-0.098137,0.830247,0
2.29233,0.246319,1.06535e+09
1.75914,-0.061427,1.06535e+09
2.10295,0.567009,1.06535e+09
0.16639,0.541612,0
0.474647,-0.207953,1.06535e+09
-1.46345,0.271791,0
0.372089,0.384351,0
0.716954,0.650252,0
-0.571948,1.25241,0
0.097354,-0.014458,1.06535e+09
0.776117,0.577586,0
0.25688,1.2222,0
1.00185,0.149508,0
1.3871,-0.50453,1.06535e+09
-0.840884,0.490741,0
0.444019,-0.770549,1.06535e+09
-0.376572,1.15903,0
-0.283692,1.00191,0
0.655539,-1.12567,1.06535e+09
-1.0047,0.229101,0
-0.039593,1.40556,0
1.34781,-1.13265,1.06535e+09
0.925767,-0.230926,1.06535e+09
0.675223,0.185889,0
-0.778773,1.00309,0
0.291115,-0.472881,1.06535e+09
-0.390042,1.25039,0
-0.019514,0.586595,0
0.540786,0.738254,0
0.76199,0.861378,0
0.888446,-0.455402,1.06535e+09
1.04027,-0.044602,0
1.30472,-0.319989,1.06535e+09
0.668549,0.061737,0
-0.349029,1.4357,0
-0.015968,0.434693,1.06535e+09
1.21118,-0.677361,1.06535e+09
0.480405,-0.756678,1.06535e+09
0.104787,0.673083,0
0.690961,-0.87009,1.06535e+09
-0.459732,0.047121,0
2.37124,0.491063,1.06535e+09
-0.010007,-0.224521,1.06535e+09
0.438961,1.14355,0
-0.414895,0.45507,0
1.24816,-0.326421,1.06535e+09
-0.606703,1.03899,0
1.06618,-0.996276,1.06535e+09
-0.036947,0.29601,1.06535e+09
0.069981,0.620127,0
2.17742,0.633819,1.06535e+09
0.515379,1.02247,0
-1.44503,0.218029,0
1.31018,0.480805,0
0.275952,-0.810947,1.06535e+09
0.753764,-0.616934,1.06535e+09
0.640598,0.393589,0
-0.211632,0.394727,1.06535e+09
0.343006,0.252093,1.06535e+09
1.21825,-0.634176,1.06535e+09
1.93192,-0.096742,1.06535e+09
0.269743,-0.399673,1.06535e+09
0.143828,1.42473,0
1.57683,0.302866,1.06535e+09
-0.249297,0.095814,1.06535e+09
0.930639,0.314509,0
0.821448,0.235692,0
-1.16566,1.03408,0
0.803587,-1.13139,1.06535e+09
0.023888,1.62893,0
-1.2198,0.818779,0
0.603465,-0.56393,1.06535e+09
0.621786,-0.203813,1.06535e+09
0.006932,1.30825,0
2.05284,0.925367,0
1.32789,-0.597171,1.06535e+09
-0.367866,1.25824,0
-0.247174,-0.431954,1.06535e+09
-0.325468,-0.089524,1.06535e+09
0.483329,-0.041447,1.06535e+09
0.61655,1.29225,0
2.13209,0.274167,1.06535e+09
-0.45785,0.731568,0
-1.03395,-0.222427,0
-1.12224,0.405196,0
2.7294,-0.181662,1.06535e+09
-0.0147,0.730694,0
0.859584,0.598574,0
0.950871,-0.162711,1.06535e+09
1.62503,-0.243475,1.06535e+09
0.289983,1.40947,0
-1.12735,0.301238,0
-0.7631,0.567485,0
0.884476,0.205527,0
1.14729,0.302728,0
0.879982,-0.386975,1.06535e+09
0.262664,-0.396118,1.06535e+09
0.681725,0.356858,0
0.478082,0.36338,0
0.693121,0.211963,0
0.836135,-0.581318,1.06535e+09
0.319489,0.25067,1.06535e+09
-0.878726,0.552056,0
0.426288,-0.26589,1.06535e+09
-0.950863,0.057695,0
0.750062,0.306511,0
-0.200171,-0.248005,1.06535e+09
0.008484,1.44319,0
-1.36177,0.099862,0
-0.006033,0.052575,1.06535e+09
-0.71591,1.41988,0
-0.100523,-0.372501,1.06535e+09
0.534478,-0.369825,1.06535e+09
0.538912,0.806956,0
-0.047511,1.24158,0
-1.09938,-0.190927,0
0.202504,0.928951,0
0.372217,-0.336706,1.06535e+09
0.85343,0.545261,0
-0.975579,0.718178,0
0.308599,0.991827,0
1.40178,-0.761585,1.06535e+09
0.689748,0.197783,0
-0.160409,0.10681,1.06535e+09
-0.764872,0.756038,0
1.09233,0.166058,0
-0.518675,0.591541,0
0.244159,0.679066,0
2.57503,0.546196,1.06535e+09
-0.003946,0.956463,0
0.535457,-0.681032,1.06535e+09
-0.668485,0.920469,0
1.26448,-0.11239,1.06535e+09
-0.581158,0.859155,0
0.62052,-0.288244,1.06535e+09
0.968994,-0.112192,1.06535e+09
-1.4662,0.023263,0
0.34629,0.454549,0
0.351205,0.947279,0
0.15175,1.25307,0
1.91011,0.247286,1.06535e+09
2.43167,0.261776,1.06535e+09
2.12711,-0.002234,1.06535e+09
1.56718,0.298712,1.06535e+09
-0.569152,0.555715,0
0.739894,-0.156691,1.06535e+09
0.146875,0.272632,1.06535e+09
-0.844265,0.403525,0
2.30467,-0.201703,1.06535e+09
1.93483,0.438719,1.06535e+09
-0.207927,0.49917,0
-0.59732,0.871196,0
0.664922,1.31682,0
1.92247,0.098526,1.06535e+09
1.28217,0.366551,0
0.648902,1.0045,0
-1.49782,0.871799,0
-1.03832,0.654244,0
0.234186,0.117579,1.06535e+09
-0.845471,0.347755,0
0.945151,0.09865,0
0.82691,-0.619422,1.06535e+09
0.045467,0.338781,1.06535e+09
0.556259,0.217095,0
0.109309,0.706942,0
-0.772579,0.76195,0
0.196547,0.187454,1.06535e+09
-0.042012,1.24228,0
0.076127,0.830783,0
1.11841,-0.701909,1.06535e+09
-1.41052,0.58973,0
-0.75188,0.066034,0
1.01916,-0.099464,1.06535e+09
1.08931,-0.219723,1.06535e+09
0.870254,-0.390068,1.06535e+09
-0.026606,1.04417,0
-0.098034,0.869915,0
1.03818,0.360208,0
0.772166,0.944093,0
0.094458,1.02157,0
1.27199,-0.424982,1.06535e+09
-0.525676,0.62096,0
-0.396884,0.264821,0
-0.109316,0.656273,0
0.140892,0.004138,1.06535e+09
2.02978,0.164142,1.06535e+09
1.13027,-0.757024,1.06535e+09
0.319141,0.370847,1.06535e+09
0.712829,0.952732,0
0.810859,0.448668,0
0.281861,0.342005,1.06535e+09
0.672766,-0.168148,1.06535e+09
0.262944,-0.001192,1.06535e+09
-0.307129,0.807776,0
1.72586,0.347847,1.06535e+09
1.80473,0.074145,1.06535e+09
0.91116,-0.603256,1.06535e+09
-0.633372,0.537761,0
0.430526,0.306702,0
-0.882326,0.908928,0
0.488082,1.13786,0
0.497868,0.828844,0
0.374002,0.073261,1.06535e+09
0.144717,-0.111227,1.06535e+09
-0.408615,0.803312,0
0.047978,-0.609193,1.06535e+09
-0.443532,0.283371,0
0.176639,1.16484,0
-1.16764,0.346027,0
0.224726,-0.41604,1.06535e+09
-0.737685,0.981209,0
-1.31029,0.785341,0
-1.34615,0.328261,0
-0.890809,1.62239,0
1.76647,0.2136,1.06535e+09
0.938703,0.4214,0
0.688367,0.667241,0
0.884656,-0.478198,1.06535e+09
2.18928,0.311439,1.06535e+09
0.179561,0.31452,1.06535e+09
-1.2292,0.157041,0
0.284313,-0.272308,1.06535e+09
0.785768,0.050666,0
0.194719,-0.491985,1.06535e+09
-0.135546,1.34059,0
0.253276,-0.182724,1.06535e+09
1.13239,-1.05759,1.06535e+09
1.37376,-0.03036,1.06535e+09
0.470504,-0.187538,1.06535e+09
0.010824,-0.498001,1.06535e+09
-0.133253,0.199614,1.06535e+09
-0.890016,0.760128,0
1.8756,1.0385,0
0.266175,0.791018,0
0.094369,0.565786,0
1.58202,-0.26418,1.06535e+09
-0.252831,-0.137041,1.06535e+09
0.193199,0.015449,1.06535e+09
-0.536727,0.740513,0
0.057762,0.306751,1.06535e+09
0.442014,-0.42633,1.06535e+09
-0.650836,1.21451,0
-1.11026,0.292808,0
0.663605,0.554726,0
-0.974297,0.082491,0
1.3132,0.231446,0
0.796765,-0.196899,1.06535e+09
0.137554,1.07339,0
1.37211,-0.414573,1.06535e+09
-0.896667,1.14105,0
-1.43139,0.933188,0
-1.01952,-0.215982,0
1.95995,0.491171,1.06535e+09
1.85443,-0.0166,1.06535e+09
0.154139,1.21682,0
0.747393,-0.159054,1.06535e+09
2.34312,-0.479565,1.06535e+09
-0.9705,0.39999,0
0.306064,1.4964,0
1.88216,-0.240674,1.06535e+09
1.63456,-0.65911,1.06535e+09
1.1079,0.306454,0
2.22514,-0.144854,1.06535e+09
0.404336,0.60668,0
-0.900503,0.59407,0
1.10113,-0.406021,1.06535e+09
0.14811,0.92105,0
1.48093,0.336218,1.06535e+09
0.606546,0.319382,0
-1.02264,0.910781,0
1.03358,-0.22449,1.06535e+09
1.06824,-0.492912,1.06535e+09
-0.867887,-0.135162,0
0.351964,0.607834,0
0.109175,0.130996,1.06535e+09
0.888093,-0.27049,1.06535e+09
0.646723,0.302122,0
1.35781,-0.156377,1.06535e+09
1.00131,-0.523101,1.06535e+09
1.12649,-0.485937,1.06535e+09
1.98334,0.182151,1.06535e+09
2.18915,-0.826307,1.06535e+09
1.29201,-0.341353,1.06535e+09
-0.174966,0.88406,0
-0.574514,0.113723,0
-0.01987,0.886106,0
0.022212,0.867513,0
-0.175403,0.892936,0
1.57603,0.018576,1.06535e+09
1.34177,0.55338,0
0.324926,0.095561,1.06535e+09
1.77993,-0.478007,1.06535e+09
0.410311,-0.220896,1.06535e+09
1.19871,-0.419486,1.06535e+09
1.28884,-0.282994,1.06535e+09
-1.06374,0.297614,0
2.00966,0.917856,0
0.179759,0.879426,0
-0.949689,1.22063,0
-0.594149,-0.12053,0
1.25927,-0.337708,1.06535e+09
0.327082,1.20864,0
0.929221,0.749621,0
0.951344,-0.211291,1.06535e+09
1.5751,-0.385222,1.06535e+09
-0.294107,0.926601,0
1.0097,0.638408,0
0.420727,-0.756963,1.06535e+09
0.313614,0.620282,0
1.10961,1.13834,0
0.545337,-0.190117,1.06535e+09
0.685365,0.128816,0
-0.604655,-0.025711,0
0.24931,0.806807,0
0.017667,0.859968,0
-0.431639,0.478688,0
0.592863,0.6104,0
-0.628238,0.54758,0
-0.614324,-0.625404,0
0.809093,0.826368,0
-0.983159,0.258067,0
1.60579,0.264025,1.06535e+09
0.636693,0.724884,0
0.113606,1.4575,0
0.881746,0.125553,0
0.757102,1.04006,0
1.48529,-0.058688,1.06535e+09
0.800904,0.524679,0
1.2483,-0.505197,1.06535e+09
0.846914,-0.854759,1.06535e+09
-0.540206,0.862492,0
1.54445,-0.255206,1.06535e+09
0.8372,-0.79303,1.06535e+09
-0.904662,0.710698,0
-0.584096,0.75381,0
-1.25185,0.449539,0
-0.829171,0.874423,0
-0.015123,0.906156,0
0.745729,1.05616,0
-0.606695,0.827461,0
-0.976409,0.134357,0
2.15237,-0.283834,1.06535e+09
0.967211,0.055027,0
0.923366,0.653065,0
0.128035,0.800095,0
-0.150655,0.574295,0
-0.551663,0.164686,0
1.79207,0.110424,1.06535e+09
1.22558,-0.246411,1.06535e+09
1.35263,0.164115,1.06535e+09
-0.972076,0.477011,0
0.836214,0.96511,0
1.82122,-0.061823,1.06535e+09
-0.785711,1.04485,0
0.617775,0.094206,0
-0.381362,0.985094,0
-0.666358,0.310019,0
1.03886,0.479545,0
0.450852,0.528433,0
-0.051231,0.316372,1.06535e+09
-0.334698,0.545051,0
2.32206,0.034497,1.06535e+09
1.14626,0.1133,0
0.89566,0.927945,0
1.56448,-0.101956,1.06535e+09
1.11313,0.363191,0
0.440357,-0.27795,1.06535e+09
0.754568,-0.792523,1.06535e+09
1.58621,0.474295,1.06535e+09
-0.660822,0.77971,0
0.559276,-0.210682,1.06535e+09
0.431138,0.694808,0
0.266482,0.101295,1.06535e+09
1.98931,0.54711,1.06535e+09
1.71734,-0.135682,1.06535e+09
0.665123,-0.503541,1.06535e+09
1.78985,-0.198521,1.06535e+09
1.10294,-0.767995,1.06535e+09
-0.953604,-0.3244,0
0.818566,-0.436773,1.06535e+09
0.245815,1.59213,0
1.45149,-0.42539,1.06535e+09
0.955397,-0.382801,1.06535e+09
0.227001,1.5055,0
0.880887,-0.240111,1.06535e+09
-0.190612,1.33806,0
1.19056,-0.192187,1.06535e+09
-0.777014,0.110594,0
0.172059,0.125365,1.06535e+09
-0.492235,1.05979,0
-1.1705,-0.230061,0
0.570135,-0.822972,1.06535e+09
0.537863,-0.060942,1.06535e+09
2.17677,0.354453,1.06535e+09
-0.914327,0.604315,0
1.40912,0.342523,1.06535e+09
0.452299,0.465108,0
-0.294668,0.219619,1.06535e+09
-0.352704,0.766969,0
-0.926712,1.26689,0
0.957763,-0.263935,1.06535e+09
-1.22084,-0.33016,0
0.103201,0.005989,1.06535e+09
-0.09488,0.878337,0
2.47113,0.391959,1.06535e+09
-0.099756,1.06695,0
-0.022372,-0.079109,1.06535e+09
0.487679,0.42096,0
0.088811,-0.40237,1.06535e+09
0.584311,0.843928,0
1.76886,0.148404,1.06535e+09
-0.572039,1.01328,0
0.652921,0.178583,0
0.603799,-0.836064,1.06535e+09
-1.00915,0.716174,0
-1.03808,0.435805,0
-0.445697,0.949386,0
-0.107118,1.18726,0
0.480107,0.97308,0
1.18584,-0.807303,1.06535e+09
0.726442,-0.252926,1.06535e+09
0.664041,-0.891719,1.06535e+09
-0.423719,0.440725,0
2.2617,0.026676,1.06535e+09
0.141725,0.630661,0
0.538549,-0.370554,1.06535e+09
1.60698,0.226884,1.06535e+09
-0.794963,1.3128,0
-1.22828,-0.241306,0
-0.299188,0.633218,0
-0.948365,-0.178685,0
1.23578,-0.436395,1.06535e+09
-0.148588,0.20403,1.06535e+09
0.139497,0.186553,1.06535e+09
-0.334935,0.813577,0
0.914175,0.517168,0
2.08302,-0.049151,1.06535e+09
-0.770993,0.359188,0
0.317803,1.20889,0
0.230159,0.210683,1.06535e+09
-0.064317,1.09614,0
0.537673,-0.156021,1.06535e+09
1.40818,-0.463455,1.06535e+09
0.047456,-0.539701,1.06535e+09
-1.38066,0.507309,0
0.51267,0.835702,0
1.79378,0.159086,1.06535e+09
0.857499,-0.118129,1.06535e+09
0.443288,0.178577,1.06535e+09
1.0054,-0.715261,1.06535e+09
0.59293,0.742668,0
1.01943,-0.657032,1.06535e+09
1.78731,0.109875,1.06535e+09
1.04485,0.08817,0
1.89451,-0.172839,1.06535e+09
-0.206666,-0.184351,1.06535e+09
1.61072,0.034813,1.06535e+09
-0.783431,-0.494834,0
0.617155,1.27033,0
-0.585888,0.367548,0
0.395758,-0.334841,1.06535e+09
1.56175,-0.796379,1.06535e+09
1.07343,-0.796931,1.06535e+09
-0.138,1.02697,0
-0.734431,0.821902,0
1.80564,0.097678,1.06535e+09
0.601673,-0.730454,1.06535e+09
-0.902166,0.533926,0
1.02732,-0.351396,1.06535e+09
0.469349,1.64709,0
-0.510261,1.14397,0
1.322,-0.436566,1.06535e+09
0.958663,0.245487,0
0.314485,1.07036,0
2.06647,-0.192263,1.06535e+09
1.09862,1.11458,0
1.84443,0.190751,1.06535e+09
0.271829,0.425483,1.06535e+09
1.91553,-0.221527,1.06535e+09
1.21373,-0.458976,1.06535e+09
-0.820821,0.628197,0
1.31718,-0.189632,1.06535e+09
1.87538,-0.157335,1.06535e+09
-1.12787,0.156638,0
-0.56984,0.248993,0
-0.735398,0.781297,0
-0.924262,0.511813,0
1.84467,-0.674742,1.06535e+09
1.06619,0.583291,0
1.70735,-0.257502,1.06535e+09
1.00654,-0.461094,1.06535e+09
1.45258,-0.013332,1.06535e+09
-0.305217,0.765467,0
-0.606096,0.72781,0
0.099223,0.437349,1.06535e+09
0.747469,-0.470364,1.06535e+09
1.44536,-0.087557,1.06535e+09
0.944431,-0.805316,1.06535e+09
0.381306,0.878391,0
0.950683,0.030067,0
2.0326,0.212891,1.06535e+09
1.72743,-0.215115,1.06535e+09
0.073932,-0.061776,1.06535e+09
1.51496,-0.281761,1.06535e+09
0.92012,-0.628288,1.06535e+09
1.82548,-0.59466,1.06535e+09
0.626201,1.0228,0
1.05994,0.436208,0
0.285503,-0.605365,1.06535e+09
-0.976936,0.168607,0
-0.394107,0.513552,0
-0.454633,1.03748,0
0.645778,-0.413888,1.06535e+09
0.387898,-0.102536,1.06535e+09
-0.661874,1.6167,0
0.860581,1.32529,0
0.95243,-0.078963,1.06535e+09
-0.871898,1.35969,0
0.510062,0.443007,0
-0.843226,0.461624,0
-0.947531,0.781643,0
-0.170033,0.180466,1.06535e+09
1.19528,-0.53026,1.06535e+09
-0.843079,0.138064,0
1.08613,-0.841359,1.06535e+09
-0.075711,1.25179,0
0.150506,1.16302,0
-1.41463,0.208677,0
1.58502,0.145315,1.06535e+09
0.372133,0.680292,0
0.230794,0.064591,1.06535e+09
1.16655,0.385495,0
0.392635,-0.251987,1.06535e+09
0.282002,0.176618,1.06535e+09
0.099326,1.29493,0
-0.747911,0.258953,0
-0.021297,0.165091,1.06535e+09
0.039025,0.893199,0
0.683044,0.851022,0
1.1423,-0.258134,1.06535e+09
-0.558479,0.819892,0
-0.359844,1.12357,0
0.314339,-0.348042,1.06535e+09
1.41414,-0.088335,1.06535e+09
1.59267,0.655584,0
1.49906,0.150219,1.06535e+09
1.47892,-1.02045,1.06535e+09
-1.00835,0.006575,0
1.71392,-0.454998,1.06535e+09
1.91777,0.368214,1.06535e+09
0.925754,0.400337,0
-0.904564,0.182971,0
2.25166,0.505951,1.06535e+09
1.40373,-0.350478,1.06535e+09
0.777417,0.529475,0
0.031463,0.439864,1.06535e+09
0.10464,0.648542,0
0.391231,0.799831,0
1.86422,0.990086,0
1.51361,0.999445,0
-1.03404,0.265447,0
1.43829,-0.148519,1.06535e+09
0.441284,0.298665,0
1.14528,-0.515962,1.06535e+09
-0.972322,-0.338887,0
0.709104,0.976183,0
1.57613,-0.43805,1.06535e+09
2.42303,0.178797,1.06535e+09
1.44216,-0.382775,1.06535e+09
0.260176,0.771591,0
-1.09035,0.887015,0
-0.157027,-0.042665,1.06535e+09
0.473462,-0.549822,1.06535e+09
-0.278462,0.925388,0
-0.010187,0.792435,0
1.49838,-0.463314,1.06535e+09
1.36642,-0.167273,1.06535e+09
0.770927,-0.798801,1.06535e+09
0.120964,1.27078,0
0.033407,1.03611,0
-0.774133,0.427217,0
0.453254,0.146804,1.06535e+09
1.39155,-0.204071,1.06535e+09
-0.346799,0.952656,0
1.16321,-0.673725,1.06535e+09
1.18877,0.087694,0
2.4995,-0.475842,1.06535e+09
0.213899,-0.581374,1.06535e+09
-1.40638,-0.453188,0
0.561644,-0.051314,1.06535e+09
0.504056,1.53668,0
1.10817,0.576599,0
-1.02072,-0.053149,0
1.28266,0.04741,1.06535e+09
2.26331,-0.683363,1.06535e+09
0.808448,1.22124,0
1.2342,-0.159039,1.06535e+09
0.777426,0.362823,0
1.52146,-0.694831,1.06535e+09
0.797816,-0.564066,1.06535e+09
-0.283225,0.316613,1.06535e+09
1.35926,0.683569,0
1.08162,0.409762,0
0.082086,0.637676,0
1.093,-0.615969,1.06535e+09
-1.50412,0.342079,0
0.531398,-0.111341,1.06535e+09
1.33651,0.228505,0
1.79295,-0.638111,1.06535e+09
-0.192225,0.221047,1.06535e+09
0.642285,-0.204966,1.06535e+09
0.075049,0.76839,0
0.073122,0.806186,0
0.117902,0.836639,0
0.564165,0.63556,0
0.956307,0.520734,0
0.009663,-0.251496,1.06535e+09
0.829471,-0.395822,1.06535e+09
-0.013368,0.956879,0
0.612286,-0.464424,1.06535e+09
0.823677,0.682908,0
-0.447521,0.463074,0
1.17284,-0.557993,1.06535e+09
-0.255946,1.22679,0
0.08864,0.903163,0
1.98828,0.02574,1.06535e+09
-0.26382,-0.470238,1.06535e+09
0.338434,1.27234,0
2.0996,0.213283,1.06535e+09
-0.030321,0.546068,1.06535e+09
2.36739,-0.28918,1.06535e+09
-0.25045,0.460038,0
-1.41943,-0.029692,0
-0.324498,0.922914,0
-0.841127,0.493965,0
-0.186499,-0.112612,1.06535e+09
2.11123,0.352722,1.06535e+09
0.460572,0.324236,0
-0.069642,0.733685,0
0.708558,0.767042,0
1.71089,0.432295,1.06535e+09
0.29337,0.21691,1.06535e+09
2.22604,0.053907,1.06535e+09
0.16741,-0.477014,1.06535e+09
-0.485271,0.960798,0
-0.163667,0.318866,1.06535e+09
1.3092,-0.592506,1.06535e+09
-1.15486,0.400992,0
2.3618,-0.35322,1.06535e+09
2.07155,-0.188273,1.06535e+09
-0.059114,-0.058537,1.06535e+09
-0.919251,0.731896,0
0.629697,-0.927547,1.06535e+09
2.30298,0.165921,1.06535e+09
1.62092,-0.451533,1.06535e+09
1.64341,-0.373864,1.06535e+09
0.313188,-0.837913,1.06535e+09
-0.32178,0.856759,0
0.025271,1.01978,0
-0.736123,0.24983,0
0.116563,-0.372983,1.06535e+09
1.94799,0.742172,0
1.60414,0.400895,1.06535e+09
0.569972,0.500211,0
2.29706,0.499993,1.06535e+09
-0.999893,0.018946,0
2.41367,0.882427,1.06535e+09
1.9461,0.424414,1.06535e+09
-0.735419,0.731586,0
1.41291,-0.658677,1.06535e+09
0.321891,-0.077086,1.06535e+09
1.08811,-0.156954,1.06535e+09
-1.09377,1.08578,0
1.43711,-0.012931,1.06535e+09
1.40374,-0.03699,1.06535e+09
-0.146434,1.05178,0
-1.20289,0.090529,0
1.15825,0.155609,0
-0.656311,0.477579,0
0.9956,0.12671,0
0.638919,-0.533518,1.06535e+09
0.093328,1.24657,0
0.428755,0.845414,0
1.06692,-0.111996,1.06535e+09
-0.993603,1.3752,0
0.354764,-0.492574,1.06535e+09
-0.712577,0.533629,0
-0.169864,0.910365,0
0.07659,0.500058,1.06535e+09
2.0994,-0.124421,1.06535e+09
1.05256,-0.536915,1.06535e+09
0.607165,0.914085,0
2.63539,0.390006,1.06535e+09
0.295061,1.01069,0
0.159285,0.003227,1.06535e+09
0.959596,-0.059176,0
0.673264,-0.774607,1.06535e+09
1.18742,-0.055771,1.06535e+09
-1.08189,1.05338,0
-1.12722,0.47138,0
0.414378,-0.200208,1.06535e+09
0.314303,0.248313,1.06535e+09
1.73651,-0.216917,1.06535e+09
0.097027,-0.426379,1.06535e+09
1.0137,0.425652,0
0.572389,1.04786,0
0.227727,0.425552,1.06535e+09
-0.156327,0.375917,1.06535e+09
0.660625,0.680978,0
-0.542362,0.925889,0
1.38093,0.585849,0
0.100183,-0.266066,1.06535e+09
1.02463,0.276565,0
1.15113,0.605165,0
0.882036,0.710397,0
1.28394,0.557364,0
1.1798,-0.217127,1.06535e+09
1.38893,0.052906,1.06535e+09
0.822175,-0.678668,1.06535e+09
0.00186,0.56624,1.06535e+09
2.19658,0.317168,1.06535e+09
-0.812809,0.31791,0
-0.057812,0.496426,1.06535e+09
1.00855,0.619606,0
-0.5805,-0.009055,0
1.51277,0.463055,1.06535e+09
-0.67987,-0.221654,0
1.44538,0.328905,1.06535e+09
0.800433,0.424075,0
0.554024,0.631647,0
1.82878,-0.077725,1.06535e+09
1.34534,-0.101092,1.06535e+09
0.83663,0.808135,0
-0.976818,0.485138,0
-0.811828,0.473049,0
0.156948,0.026713,1.06535e+09
0.313331,-0.265515,1.06535e+09
0.010546,0.459402,1.06535e+09
1.74019,0.043846,1.06535e+09
1.63843,0.133864,1.06535e+09
1.75996,0.949515,0
0.677863,0.523975,0
0.568253,1.02738,0
1.63502,-0.641785,1.06535e+09
1.04716,-0.478791,1.06535e+09
1.15158,-0.173365,1.06535e+09
0.219352,0.714355,0
0.297683,1.15764,0
-0.884232,0.031479,0
0.801425,0.74597,0
0.697037,0.584165,0
0.804079,-0.08033,1.06535e+09
-0.323876,0.853134,0
0.682784,-0.196413,1.06535e+09
0.571289,0.687571,0
1.64175,-0.419162,1.06535e+09
0.443945,-0.620416,1.06535e+09
0.440739,-0.163613,1.06535e+09
0.408245,0.916642,0
-0.257118,0.86652,0
-0.30073,0.641379,0
0.594206,0.191774,0
1.18548,-0.259211,1.06535e+09
0.115371,1.26372,0
-0.045204,0.621574,0
-0.296519,0.727856,0
0.710783,0.808068,0
1.69343,-0.050029,1.06535e+09
0.36479,0.566878,0
-0.958026,0.493296,0
0.289112,1.00662,0
1.08081,-0.939062,1.06535e+09
0.086934,1.22401,0
-0.611332,1.38338,0
1.09155,0.833684,0
-0.303555,1.59812,0
0.751955,0.839351,0
0.091977,0.53719,1.06535e+09
0.563163,-0.718086,1.06535e+09
1.77717,0.006156,1.06535e+09
0.534882,0.655296,0
-0.315521,0.967761,0
-0.294771,0.786053,0
1.38189,-0.427591,1.06535e+09
1.51249,0.072877,1.06535e+09
-0.18178,-0.199879,1.06535e+09
-0.74173,0.667269,0
-0.422113,1.02787,0
-0.578468,-0.096625,0
-0.929757,0.549454,0
0.769124,-0.145109,1.06535e+09
-0.136078,0.774369,0
-1.22947,0.323667,0
-1.06826,0.187066,0
0.659949,-0.639734,1.06535e+09
-1.27853,0.625802,0
1.06079,-0.169197,1.06535e+09
1.46804,-1.0682,1.06535e+09
1.9393,0.032536,1.06535e+09
0.777147,-0.042106,1.06535e+09
0.923964,0.326261,0
0.902428,0.824748,0
0.525911,0.622882,0
0.107005,0.934507,0
0.749631,0.884337,0
-0.683881,0.34041,0
0.032194,0.149424,1.06535e+09
-0.635254,0.514553,0
0.390214,0.401803,0
0.808784,0.446004,0
-1.05515,0.074388,0
0.4651,-0.590977,1.06535e+09
0.926622,-0.556572,1.06535e+09
1.61715,-0.661176,1.06535e+09
1.06914,0.378864,0
-0.067678,0.613522,0
-1.71786,-0.293625,0
2.00357,0.265897,1.06535e+09
-0.395214,0.219638,0
-0.638234,1.0065,0
1.81182,-0.079642,1.06535e+09
1.83024,0.387847,1.06535e+09
2.1555,0.303359,1.06535e+09
0.532936,0.915481,0
0.783768,-0.079239,1.06535e+09
-1.46498,0.105008,0
1.53748,-0.100601,1.06535e+09
1.64934,0.30316,1.06535e+09
0.873042,-0.275955,1.06535e+09
-0.494351,0.396768,0
1.99705,-0.444272,1.06535e+09
-0.541541,0.063693,0
0.729355,-0.173113,1.06535e+09
-0.753817,0.496879,0
-0.842221,0.31231,0
0.927159,0.578548,0
0.37336,0.927344,0
1.95246,0.219896,1.06535e+09
0.490901,0.530777,0
-0.836947,0.399267,0
-0.415514,1.0049,0
1.25557,0.039217,1.06535e+09
0.664049,0.094861,0
-0.836665,0.371852,0
1.75954,-0.089233,1.06535e+09
0.149997,-0.132498,1.06535e+09
1.97695,-0.125297,1.06535e+09
1.32955,0.568539,0
2.11076,0.194853,1.06535e+09
-0.221524,1.19258,0
-0.954426,0.809562,0
0.433607,0.938299,0
0.434921,0.136316,1.06535e+09
0.97459,0.613756,0
1.06618,-0.719785,1.06535e+09
0.28767,0.156997,1.06535e+09
1.57065,0.954916,0
2.21104,0.041251,1.06535e+09
-0.12121,1.1721,0
1.64219,0.194291,1.06535e+09
2.43611,0.29576,1.06535e+09
1.65884,-0.139384,1.06535e+09
-0.34577,0.390879,0
0.697051,0.045577,0
-0.420167,0.534349,0
0.434654,-0.194939,1.06535e+09
1.88716,0.296721,1.06535e+09
-0.922041,1.26607,0
0.110787,0.853745,0
1.75865,0.423105,1.06535e+09
-0.966215,0.798845,0
0.868388,-0.158225,1.06535e+09
0.633563,0.557907,0
1.88479,-0.290391,1.06535e+09
-0.600355,0.546593,0
0.877767,0.380365,0
0.107654,1.5763,0
1.12335,0.061373,0
1.20257,0.501084,0
0.674056,0.351489,0
-0.67421,0.83323,0
-0.887654,0.85594,0
-0.616739,0.445902,0
1.27175,-0.066349,1.06535e+09
2.49937,0.174934,1.06535e+09
0.803087,0.370147,0
0.742379,-0.496514,1.06535e+09
0.165438,1.31959,0
-0.079705,0.984557,0
0.374935,0.719661,0
-0.699569,1.09912,0
2.23182,-0.640995,1.06535e+09
-0.440065,0.211347,0
1.83423,-0.648703,1.06535e+09
1.08287,0.244657,0
-0.122948,0.104422,1.06535e+09
-1.17718,0.383184,0
-0.033276,1.0046,0
0.201634,0.32178,1.06535e+09
1.4991,-0.262238,1.06535e+09
0.664547,-0.608936,1.06535e+09
1.61399,-0.755575,1.06535e+09
-0.01273,0.481973,1.06535e+09
1.56778,-0.715662,1.06535e+09
-0.71336,0.957158,0
-0.735108,0.974118,0
-0.687566,0.7669,0
0.466852,-0.079665,1.06535e+09
-0.349961,0.072877,1.06535e+09
-0.263286,0.729127,0
-0.367914,0.960215,0
0.120186,-0.192148,1.06535e+09
0.969003,-0.299413,1.06535e+09
1.85112,-0.027696,1.06535e+09
1.21011,0.199486,0
0.24615,-0.548736,1.06535e+09
2.02112,-0.029437,1.06535e+09
0.052741,0.479031,1.06535e+09
1.85559,-0.298995,1.06535e+09
1.84442,0.090605,1.06535e+09
0.160382,0.272589,1.06535e+09
1.74587,0.139312,1.06535e+09
-1.04066,0.1337,0
0.282934,-0.273393,1.06535e+09
1.16733,0.569111,0
0.374227,0.678576,0
-0.771909,0.867625,0
0.625394,-0.568718,1.06535e+09
1.98475,0.304652,1.06535e+09
1.09733,0.497956,0
1.31904,-0.190562,1.06535e+09
-0.095484,0.848774,0
0.264017,0.728594,0
0.423934,-0.201855,1.06535e+09
2.26288,-0.230742,1.06535e+09
0.501161,0.953351,0
-0.523819,0.79383,0
1.52581,-0.642284,1.06535e+09
2.62827,-0.370713,1.06535e+09
0.360364,-0.02699,1.06535e+09
0.767758,-0.465033,1.06535e+09
0.005445,0.368828,1.06535e+09
-0.734973,-0.428447,0
1.90098,-0.203955,1.06535e+09
-0.440185,1.34459,0
-0.357186,1.3697,0
1.34077,-0.331885,1.06535e+09
-1.13706,-0.242375,0
-0.109147,0.883055,0
-0.5788,-0.03517,0
1.07804,-0.405713,1.06535e+09
0.766964,0.244589,0
0.049323,-0.20873,1.06535e+09
0.74583,-0.236041,1.06535e+09
0.400827,0.05107,1.06535e+09
2.05017,-0.154663,1.06535e+09
1.3233,-0.434911,1.06535e+09
0.044711,1.26198,0
0.43345,0.904272,0
0.200384,1.32018,0
1.00566,-1.00573,1.06535e+09
-1.26847,0.256398,0
2.32632,0.177697,1.06535e+09
-0.418899,0.467093,0
0.345083,0.4922,0
-0.606816,0.924179,0
0.449124,-0.68731,1.06535e+09
0.32739,1.35267,0
0.375936,0.383907,0
-0.838871,0.127337,0
0.608987,-0.672774,1.06535e+09
0.630114,0.695269,0
1.38622,-1.06536,1.06535e+09
2.13718,0.128852,1.06535e+09
1.58645,0.171731,1.06535e+09
1.87008,-0.700195,1.06535e+09
0.210833,-0.43692,1.06535e+09
1.1191,-0.759565,1.06535e+09
0.656475,0.399953,0
0.145293,0.018543,1.06535e+09
0.474253,0.28821,0
0.426845,-0.533154,1.06535e+09
0.178168,-0.396135,1.06535e+09
1.21432,-0.509203,1.06535e+09
-1.15404,0.126681,0
-0.324728,0.937609,0
-0.280391,0.997872,0
0.538174,0.439839,0
0.070965,0.431402,1.06535e+09
1.22714,-0.314077,1.06535e+09
0.646607,-0.368038,1.06535e+09
-1.15717,-0.260809,0
1.18289,-0.859795,1.06535e+09
-0.9833,0.334154,0
-0.8725,0.26301,0
0.56497,1.6495,0
1.20668,-0.39184,1.06535e+09
0.741081,-0.756662,1.06535e+09
1.19563,0.306204,0
-0.29215,-0.021735,1.06535e+09
-0.183598,1.02974,0
0.385476,-0.665116,1.06535e+09
0.389319,-0.161226,1.06535e+09
2.00276,-0.383249,1.06535e+09
0.223866,-0.411467,1.06535e+09
-0.268654,0.110892,1.06535e+09
0.853144,-0.371345,1.06535e+09
1.64872,-0.81607,1.06535e+09
-0.630776,0.30149,0
0.206398,-0.1433,1.06535e+09
1.79457,0.0893,1.06535e+09
0.349517,1.2081,0
-0.031414,-0.612,1.06535e+09
1.13547,-0.413812,1.06535e+09
0.589426,-1.02701,1.06535e+09
-0.718949,0.867902,0
1.5485,0.429272,1.06535e+09
0.448258,1.51809,0
0.235047,0.628921,0
0.66187,0.023253,1.06535e+09
1.46395,-0.150259,1.06535e+09
-0.148756,-0.259556,1.06535e+09
1.17665,-0.620112,1.06535e+09
0.40829,0.482394,0
1.23974,-0.890865,1.06535e+09
1.56444,0.329605,1.06535e+09
0.705415,0.205559,0
0.438228,-0.088692,1.06535e+09
-1.32403,0.092616,0
1.0532,0.815874,0
-1.02591,0.650714,0
0.060614,1.37277,0
-0.126678,1.02713,0
1.20405,-0.271395,1.06535e+09
1.70857,-0.408656,1.06535e+09
-0.108588,1.28561,0
-1.31057,0.797195,0
0.37762,0.613857,0
0.52381,0.874347,0
0.127027,-0.282749,1.06535e+09
-0.541741,0.079631,0
0.984666,0.482338,0
-0.792732,0.592245,0
1.75725,0.450218,1.06535e+09
1.044,0.220601,0
1.08125,-0.058127,0
0.490744,1.17592,0
-0.46838,0.273783,0
1.00927,-0.350423,1.06535e+09
-0.727063,0.591281,0
1.30869,-0.098054,1.06535e+09
0.459805,-0.172881,1.06535e+09
-0.725955,0.865826,0
0.662111,0.902247,0
1.17536,-0.199211,1.06535e+09
1.06402,1.22105,0
0.515502,-0.45835,1.06535e+09
0.466084,0.577778,0
0.719328,0.173532,0
0.725908,1.10442,0
1.8096,0.389465,1.06535e+09
0.328181,-0.498938,1.06535e+09
1.73064,-0.585648,1.06535e+09
2.14026,0.654916,1.06535e+09
1.00238,-0.97072,1.06535e+09
-1.55439,0.031904,0
0.990616,-0.058612,0
-0.750307,0.198139,0
0.813506,-0.415632,1.06535e+09
1.45663,-0.533181,1.06535e+09
0.232155,-0.069812,1.06535e+09
-0.827176,0.956187,0
0.334641,0.6573,0
-0.339247,0.056156,1.06535e+09
-0.299293,0.647751,0
-0.871288,0.20203,0
0.51013,0.927213,0
-0.753583,0.782881,0
0.153104,0.714046,0
0.624342,-0.135677,1.06535e+09
1.66691,-0.483608,1.06535e+09
0.304264,0.058687,1.06535e+09
1.2625,-0.377718,1.06535e+09
1.87126,0.364334,1.06535e+09
0.104106,0.88146,0
0.348067,-0.061353,1.06535e+09
1.59496,-0.205631,1.06535e+09
0.816268,-0.438759,1.06535e+09
-0.332416,0.840529,0
0.800781,0.173736,0
0.943803,-0.048324,0
-0.726603,0.139875,0
1.50905,-0.474483,1.06535e+09
0.573447,0.010324,1.06535e+09
-0.08193,0.353439,1.06535e+09
0.262183,1.07176,0
0.442602,0.337896,0
-0.261011,0.366918,1.06535e+09
-0.834715,0.761659,0
0.247299,0.501298,0
1.18308,-0.462201,1.06535e+09
1.64354,-0.291192,1.06535e+09
2.10927,-0.10348,1.06535e+09
-1.5074,0.877668,0
0.142874,0.185218,1.06535e+09
0.425465,1.01102,0
0.463552,-0.630731,1.06535e+09
-0.254878,1.71537,0
0.244872,0.96735,0
-0.035308,0.520136,1.06535e+09
0.33912,0.820796,0
1.7388,-0.384642,1.06535e+09
0.425951,-0.660016,1.06535e+09
-0.395751,0.721643,0
0.543685,0.315095,0
0.326681,-0.304768,1.06535e+09
0.472228,-0.6409,1.06535e+09
0.066152,0.189365,1.06535e+09
1.15788,-0.382755,1.06535e+09
1.69877,0.592022,0
0.859157,0.888784,0
-0.917334,0.322252,0
0.434369,-0.209148,1.06535e+09
0.861502,0.550883,0
0.483424,-0.506233,1.06535e+09
1.16938,-0.635422,1.06535e+09
0.764085,-0.152977,1.06535e+09
0.853331,-0.07093,1.06535e+09
-0.56519,0.944881,0
1.92196,-0.276743,1.06535e+09
0.644528,0.46403,0
-0.248956,0.937362,0
0.101034,-0.255355,1.06535e+09
-0.532447,1.18597,0
1.32244,0.489218,0
1.30115,-0.785581,1.06535e+09
1.85326,-0.423062,1.06535e+09
1.67989,0.121313,1.06535e+09
1.28521,-0.395705,1.06535e+09
0.904921,-0.588425,1.06535e+09
1.15164,0.577445,0
-0.325264,0.372853,0
0.413284,0.776001,0
1.1368,0.249168,0
0.709126,-0.428555,1.06535e+09
0.222491,0.575809,0
1.78391,0.451406,1.06535e+09
0.510155,-0.285753,1.06535e+09
1.53575,-0.004711,1.06535e+09
0.323339,-0.651348,1.06535e+09
0.32184,0.505048,0
0.921675,-0.65802,1.06535e+09
0.78512,-0.034201,1.06535e+09
-0.831559,-0.061376,0
0.795147,0.081992,0
-0.115562,0.518931,1.06535e+09
-0.179648,-0.168163,1.06535e+09
1.99821,0.075559,1.06535e+09
0.417924,1.10372,0
1.38063,0.497784,0
-0.109177,0.880832,0
1.12981,0.668418,0
0.997727,0.448516,0
-1.27538,0.428883,0
2.1148,0.488272,1.06535e+09
-0.574415,0.009264,0
1.44714,-0.43798,1.06535e+09
-1.0169,0.382021,0
1.24768,-0.094436,1.06535e+09
0.00375,-0.383132,1.06535e+09
0.486105,-0.337505,1.06535e+09
1.40527,-0.610226,1.06535e+09
-0.392602,1.22039,0
0.900449,-0.31294,1.06535e+09
1.59632,-0.846556,1.06535e+09
1.14475,0.274613,0
-0.012125,0.752686,0
-0.040357,0.322815,1.06535e+09
0.24239,1.4816,0
0.127286,0.966975,0
0.415086,0.476862,0
0.057642,0.885399,0
-1.0819,0.594128,0
1.69183,0.406665,1.06535e+09
0.778981,-0.136235,1.06535e+09
0.855682,-0.015608,0
0.345709,0.539344,0
0.364724,0.725567,0
-0.087863,0.807753,0
1.23265,0.903939,0
0.122476,0.853724,0
0.52889,-0.309262,1.06535e+09
1.11923,0.908865,0
0.86567,-0.348592,1.06535e+09
-0.972454,0.403771,0
2.16921,0.117707,1.06535e+09
0.406716,0.275909,1.06535e+09
2.05955,-0.097799,1.06535e+09
-0.986782,0.570456,0
0.398438,0.796748,0
1.58006,-0.210515,1.06535e+09
-0.414303,0.26811,0
-0.293048,0.015066,1.06535e+09
0.774637,0.380888,0
0.363157,0.735729,0
1.70156,0.329601,1.06535e+09
-0.842265,-0.200128,0
-0.876645,1.04757,0
0.238836,0.298198,1.06535e+09
0.205816,-0.047184,1.06535e+09
0.037361,-0.000409,1.06535e+09
1.95677,0.772619,0
-0.084778,-0.010822,1.06535e+09
0.224255,-0.24664,1.06535e+09
-0.701038,0.226757,0
-1.01837,0.004619,0
0.809993,-0.378869,1.06535e+09
1.38547,-0.304381,1.06535e+09
-0.669533,0.832817,0
1.69001,-0.041816,1.06535e+09
0.847815,0.709343,0
-0.234136,0.20295,1.06535e+09
1.03514,0.089037,0
-0.52397,0.503419,0
0.042079,1.39288,0
0.344031,0.706342,0
0.17359,0.646117,0
0.394803,0.540556,0
1.67398,-0.453298,1.06535e+09
-0.021206,1.31761,0
-0.494361,0.799714,0
0.170291,0.841456,0
2.09833,-0.777812,1.06535e+09
-0.888657,0.942218,0
2.13737,0.194691,1.06535e+09
1.39021,0.38415,0
1.4407,-0.104133,1.06535e+09
0.411806,0.113201,1.06535e+09
0.981588,0.795988,0
-0.294622,1.01652,0
-0.678789,1.25436,0
-0.483861,1.08667,0
0.950827,0.490731,0
0.138854,0.971847,0
-0.276937,0.146686,1.06535e+09
1.62386,0.055853,1.06535e+09
1.21768,-0.333891,1.06535e+09
-0.293093,-0.3868,1.06535e+09
0.809922,1.40702,0
1.17632,0.52359,0
0.395077,0.772228,0
-0.437923,0.991163,0
0.641673,-0.516284,1.06535e+09
-0.16955,0.852575,0
2.37503,-0.270649,1.06535e+09
1.4733,-0.260873,1.06535e+09
-0.533147,0.844452,0
1.28748,-0.164313,1.06535e+09
0.676043,-0.427006,1.06535e+09
-0.23431,0.977954,0
0.404706,-0.279582,1.06535e+09
-0.407241,0.812174,0
1.2627,-0.254233,1.06535e+09
0.098529,-0.019569,1.06535e+09
0.895039,0.409942,0
0.269487,-0.379661,1.06535e+09
-0.304633,-0.24115,1.06535e+09
2.30614,-0.581276,1.06535e+09
-0.622505,1.4599,0
-0.417304,0.803324,0
-0.805419,0.390357,0
-0.072229,0.179531,1.06535e+09
0.414506,0.168321,1.06535e+09
0.767199,0.245502,0
2.01572,0.693131,1.06535e+09
-0.83738,0.445177,0
0.591913,-0.916556,1.06535e+09
2.21622,0.241725,1.06535e+09
1.4073,-0.625369,1.06535e+09
-0.547707,0.077037,0
