0.443669 0.525121 1.000000
2.109562 0.211013 1.000000
1.384254 -0.722684 1.000000
-0.488617 0.490313 1.000000
-0.080638 0.836453 0.000000
-0.327333 0.842288 0.000000
-0.180865 -0.236303 1.000000
0.495718 0.787024 0.000000
0.748014 -0.346969 1.000000
1.914063 0.535468 1.000000
0.643389 1.199496 0.000000
2.435133 -0.103397 1.000000
0.184449 1.109867 0.000000
0.821027 0.988027 0.000000
1.315471 -0.106110 0.000000
1.553698 -0.468389 1.000000
0.903111 0.020633 1.000000
0.886664 0.402399 0.000000
0.215082 0.712134 1.000000
-0.105687 -0.255181 1.000000
0.432986 0.157300 0.000000
-0.126018 1.097682 0.000000
0.576509 0.594967 0.000000
1.777038 -1.162288 1.000000
0.213088 1.413472 0.000000
0.645524 -0.958844 1.000000
-0.096034 1.053210 0.000000
1.812104 0.477922 1.000000
-1.563649 1.128511 0.000000
-0.543430 0.641015 0.000000
1.661542 -0.414870 1.000000
0.686187 0.374945 0.000000
0.214751 0.342550 1.000000
0.151899 -0.087605 1.000000
-1.455396 0.190381 0.000000
1.045852 -0.096752 1.000000
0.039410 -0.732985 1.000000
1.738738 -0.601408 1.000000
0.259132 -0.162545 1.000000
0.527479 0.729782 0.000000
2.013561 -0.371417 1.000000
0.607212 -0.397685 1.000000
0.746401 -0.761724 1.000000
1.852183 0.399481 1.000000
2.116608 -0.430085 1.000000
0.145493 0.066392 1.000000
0.392647 0.751851 0.000000
1.481441 -0.104068 1.000000
1.622942 0.068873 1.000000
0.850688 0.373080 0.000000
0.770043 -0.445229 1.000000
1.078938 0.746731 0.000000
-1.265614 0.368347 0.000000
1.065470 -0.542744 1.000000
1.931070 -0.445445 1.000000
-1.454222 0.119762 0.000000
0.168239 -0.430950 1.000000
-0.001025 0.852563 0.000000
0.892596 0.447471 0.000000
-1.622549 0.157051 0.000000
0.741441 0.852256 0.000000
0.600826 0.275499 0.000000
0.301763 0.096297 1.000000
0.961603 0.901491 0.000000
1.017732 -0.150828 0.000000
-0.144833 0.499090 1.000000
1.068387 -0.506485 1.000000
-0.985670 0.902275 0.000000
0.457552 0.480160 0.000000
0.287582 0.656163 0.000000
-0.773106 0.676743 0.000000
0.682707 0.486333 0.000000
2.005136 0.582459 1.000000
-0.595470 0.487418 0.000000
-0.089228 0.481221 0.000000
-0.419958 0.758021 0.000000
-0.076654 0.822603 0.000000
0.118991 0.561397 0.000000
0.384652 1.315163 0.000000
1.926189 0.719622 1.000000
0.381958 0.855741 0.000000
0.764734 0.348686 0.000000
0.401228 -0.432792 1.000000
-1.165779 0.411454 0.000000
0.033815 -0.086384 1.000000
-0.322468 -0.093035 1.000000
0.594708 0.469868 0.000000
0.348194 -0.858827 1.000000
1.803316 -0.151885 1.000000
-0.113689 0.605523 0.000000
1.124583 -0.398822 0.000000
1.389769 -0.252236 1.000000
1.008342 0.506746 0.000000
1.093920 0.219798 0.000000
0.531973 0.362312 1.000000
-0.255655 0.845772 0.000000
-0.781125 0.558474 0.000000
0.282589 -0.925538 1.000000
-0.729311 0.683215 0.000000
1.713092 -0.854651 1.000000
0.044640 1.101521 0.000000
0.551404 1.139953 0.000000
0.522867 0.169157 1.000000
1.588764 -0.657181 1.000000
1.997644 0.022015 1.000000
-0.395735 0.663561 0.000000
1.431038 0.061628 1.000000
0.095313 0.504985 0.000000
-0.209743 0.861598 0.000000
1.122719 -0.142261 0.000000
0.142195 1.688511 0.000000
-0.636802 0.609565 0.000000
-0.534379 0.950542 0.000000
0.897026 -0.257874 1.000000
0.077160 -0.617731 1.000000
-1.271824 0.095504 0.000000
1.777155 0.442959 1.000000
-0.539306 -0.069132 1.000000
1.417953 0.066514 1.000000
1.738367 0.398900 1.000000
0.567940 -0.220999 1.000000
0.165901 -0.440537 1.000000
0.715968 0.460221 0.000000
0.222778 -0.331123 1.000000
-1.237044 0.280811 0.000000
0.233979 0.488792 1.000000
2.123153 0.388822 1.000000
2.336126 0.225456 1.000000
1.932080 0.512445 1.000000
2.246674 0.334749 1.000000
1.247927 0.021908 1.000000
0.236475 0.514839 1.000000
-0.590597 1.155624 0.000000
1.215933 -0.177627 0.000000
-1.281597 0.748854 0.000000
0.265693 -0.462063 1.000000
1.370033 -0.165009 1.000000
0.068419 0.863594 0.000000
-0.562910 0.672997 0.000000
0.264820 -0.202334 1.000000
1.239553 -0.084395 0.000000
0.324418 1.156202 0.000000
0.297766 -0.111681 1.000000
0.571573 -0.474733 1.000000
0.689300 0.022569 0.000000
-0.959101 0.765990 0.000000
1.016076 -0.939444 1.000000
-0.469180 0.392286 0.000000
-0.944656 0.449433 0.000000
-0.646688 0.969889 0.000000
-0.254935 0.314890 1.000000
-1.023720 0.080942 0.000000
1.931644 0.015357 1.000000
0.847822 -0.308363 1.000000
0.437079 0.771454 1.000000
1.047495 -0.238374 1.000000
1.288041 -0.353765 1.000000
-0.523768 0.703562 0.000000
-0.545541 0.386647 0.000000
-0.038982 0.876959 0.000000
1.104476 -0.496011 1.000000
1.843888 -0.149858 1.000000
-1.329440 0.065939 0.000000
-0.290953 -0.094263 1.000000
0.301395 -0.372135 1.000000
1.276568 -0.017270 1.000000
-0.286323 1.716773 0.000000
-1.469148 0.230622 0.000000
-0.508292 0.870027 0.000000
1.508819 -0.046796 1.000000
0.407232 -0.151336 1.000000
2.434718 0.165352 1.000000
-0.625653 0.763455 0.000000
0.547950 0.406657 0.000000
-0.310000 0.683086 0.000000
1.412120 -0.190184 1.000000
1.585138 0.023846 1.000000
-0.125187 0.763325 1.000000
2.014364 0.108665 1.000000
0.437590 -0.617130 1.000000
-0.486176 0.627719 0.000000
0.297223 1.553661 0.000000
0.967281 0.266680 0.000000
0.289877 0.416528 0.000000
1.521784 -0.249747 1.000000
-0.904057 0.998796 0.000000
1.825566 0.292065 1.000000
0.875909 -0.342617 1.000000
1.411839 -0.376301 0.000000
0.800859 -0.183788 0.000000
1.376822 0.192031 0.000000
-0.700163 0.643130 0.000000
-0.326882 0.417243 0.000000
0.674677 -0.322805 1.000000
-1.277943 1.009092 0.000000
2.028818 -0.046898 1.000000
0.069215 -0.907578 1.000000
-0.486438 0.895723 0.000000
0.363075 -0.767441 1.000000
0.168087 1.314367 0.000000
