x1,x2,y
0.956811,-0.61614,1.06535e+09
0.68302,0.821167,0
-0.321862,0.869977,0
-1.04298,0.251596,0
-0.332354,0.977748,0
1.91095,0.136316,1.06535e+09
0.879373,0.329336,0
-0.410279,0.774277,0
1.93795,0.256119,1.06535e+09
0.70954,-0.463692,1.06535e+09
0.52031,0.773172,0
0.204533,-0.154358,1.06535e+09
1.87241,0.306533,1.06535e+09
-0.904827,0.583643,0
-0.916009,0.510289,0
-0.835597,0.560552,0
0.117271,1.05412,0
0.817123,0.417014,0
1.3777,-0.434392,1.06535e+09
-0.066834,0.995624,0
1.65073,-0.233669,1.06535e+09
0.505513,-0.326163,1.06535e+09
0.678342,-0.448443,1.06535e+09
-0.026769,0.310533,1.06535e+09
1.87389,0.082542,1.06535e+09
-0.908097,0.403219,0
1.32873,-0.443109,1.06535e+09
1.07922,0.457796,0
-0.358667,0.888061,0
0.379274,-0.300316,1.06535e+09
1.02752,0.464632,0
0.422599,0.984238,0
-0.449858,0.915068,0
0.04124,0.225596,1.06535e+09
0.840095,0.592508,0
-0.736236,0.669104,0
0.843582,0.722152,0
-0.063416,0.494439,1.06535e+09
-0.306802,0.885261,0
0.126333,0.001095,1.06535e+09
0.922766,0.525271,0
2.07744,0.453327,1.06535e+09
-0.519875,0.794397,0
1.72408,-0.298702,1.06535e+09
0.996675,0.230993,0
0.830439,0.431574,0
0.365093,0.907358,0
0.060137,0.070818,1.06535e+09
0.404949,-0.417983,1.06535e+09
-1.04661,0.041879,0
-0.978033,0.091788,0
1.30921,-0.525143,1.06535e+09
-0.575519,0.692733,0
-0.995657,0.344091,0
1.46526,-0.380663,1.06535e+09
-0.931437,0.312849,0
0.444344,0.966194,0
0.754375,-0.430738,1.06535e+09
1.72204,0.006958,1.06535e+09
0.917838,0.172715,0
-0.747899,0.736996,0
0.404516,0.928791,0
0.274156,0.911778,0
0.093727,0.286178,1.06535e+09
1.65843,-0.280587,1.06535e+09
0.349336,-0.190127,1.06535e+09
0.506502,0.839287,0
1.48278,-0.412926,1.06535e+09
0.570366,0.795,0
-0.624196,0.746326,0
0.072238,0.254784,1.06535e+09
-0.430943,0.926715,0
-0.460303,0.868634,0
0.139987,-0.059039,1.06535e+09
1.80593,-0.144109,1.06535e+09
1.6086,-0.305361,1.06535e+09
-0.658166,0.711439,0
1.68416,-0.194521,1.06535e+09
0.021138,0.405175,1.06535e+09
1.81812,-0.101249,1.06535e+09
1.95897,0.228409,1.06535e+09
1.33375,-0.41301,1.06535e+09
1.21973,-0.504412,1.06535e+09
0.7051,0.635786,0
0.981728,0.271229,0
1.41092,-0.423739,1.06535e+09
0.806161,0.498307,0
0.313089,1.00074,0
-0.601651,0.696074,0
0.072692,0.330016,1.06535e+09
1.9823,0.068555,1.06535e+09
-1.09448,0.10449,0
0.952347,0.193752,0
0.037099,0.367135,1.06535e+09
0.809037,0.599981,0
1.89377,-0.114216,1.06535e+09
0.046548,0.062104,1.06535e+09
-0.00556,0.308143,1.06535e+09
0.194034,-0.198145,1.06535e+09
-0.965161,-0.013714,0
-0.347783,0.914201,0
0.938083,0.409313,0
1.95557,0.519063,1.06535e+09
-1.02137,0.228077,0
0.119663,1.02503,0
0.983122,0.309972,0
1.58131,-0.298772,1.06535e+09
0.310632,-0.343137,1.06535e+09
0.484331,-0.244799,1.06535e+09
0.92571,-0.491809,1.06535e+09
-0.033975,1.09796,0
-0.989372,0.302523,0
0.890218,0.019787,0
0.1081,0.254932,1.06535e+09
1.20809,-0.453781,1.06535e+09
0.907904,-0.544955,1.06535e+09
1.60064,-0.275895,1.06535e+09
1.28838,-0.497715,1.06535e+09
-0.576051,0.827371,0
0.742458,-0.497798,1.06535e+09
0.457924,0.797956,0
-0.860876,0.333059,0
-0.533734,0.997703,0
1.16355,-0.470718,1.06535e+09
1.96789,0.159429,1.06535e+09
1.92507,0.277615,1.06535e+09
1.83843,0.099973,1.06535e+09
-0.560209,0.87572,0
0.84131,0.504699,0
0.784132,-0.447533,1.06535e+09
-0.032522,0.959003,0
1.98465,0.367024,1.06535e+09
0.634713,-0.48966,1.06535e+09
1.51548,-0.291683,1.06535e+09
1.22048,-0.457772,1.06535e+09
-0.59025,0.711233,0
1.68171,-0.213682,1.06535e+09
0.956952,0.390466,0
-0.894235,0.154869,0
1.91048,0.012378,1.06535e+09
-0.821248,0.552696,0
-0.941826,0.120408,0
-0.960933,0.027441,0
0.248986,-0.186315,1.06535e+09
0.200868,-0.026916,1.06535e+09
-0.037119,0.276209,1.06535e+09
1.12994,-0.502983,1.06535e+09
-0.247323,0.933357,0
0.040756,0.229009,1.06535e+09
0.873039,0.329968,0
-0.818572,0.565903,0
0.279476,-0.333012,1.06535e+09
0.055527,0.102647,1.06535e+09
-0.946927,0.493099,0
1.07363,-0.389216,1.06535e+09
1.82183,0.016161,1.06535e+09
1.44786,-0.518501,1.06535e+09
0.90688,-0.547146,1.06535e+09
0.889445,0.331758,0
1.812,-0.127398,1.06535e+09
-0.245078,1.05504,0
0.125376,0.322238,1.06535e+09
1.00674,-0.424254,1.06535e+09
0.727606,0.653145,0
1.11102,-0.521001,1.06535e+09
0.41761,-0.246876,1.06535e+09
0.087661,-0.004588,1.06535e+09
0.405169,0.933553,0
1.93386,0.397094,1.06535e+09
0.665998,-0.446949,1.06535e+09
1.78343,0.123473,1.06535e+09
0.769637,0.628779,0
0.92761,0.052284,0
1.33368,-0.399701,1.06535e+09
1.8883,-0.056269,1.06535e+09
0.268982,0.906093,0
0.033093,-0.021035,1.06535e+09
1.99133,0.140853,1.06535e+09
1.63395,-0.279101,1.06535e+09
-0.471857,0.878702,0
1.82201,-0.021342,1.06535e+09
0.78411,-0.47773,1.06535e+09
0.600777,0.855381,0
0.363228,-0.280543,1.06535e+09
-0.111278,1.00184,0
0.879881,0.745361,0
-0.029074,0.090502,1.06535e+09
0.216439,-0.127042,1.06535e+09
1.91696,0.056272,1.06535e+09
0.086576,1.02311,0
2.04889,0.457907,1.06535e+09
1.0107,0.183398,0
-0.489837,0.876589,0
-0.329385,0.865246,0
1.62705,-0.280214,1.06535e+09
-0.002344,0.538246,1.06535e+09
1.3414,-0.463426,1.06535e+09
1.08836,-0.53932,1.06535e+09
2.01173,0.35123,1.06535e+09
1.01111,0.188256,0
0.954143,0.264512,0
1.94981,0.326406,1.06535e+09
1.04117,0.004051,0
-0.672053,0.748581,0
1.4728,-0.315303,1.06535e+09
-1.03286,0.047711,0
0.357867,0.984623,0
-0.611421,0.662942,0
1.75406,-0.190923,1.06535e+09
-1.04195,-0.070677,0
-0.832414,0.74532,0
0.046202,0.19422,1.06535e+09
1.9166,0.253248,1.06535e+09
0.238489,-0.128308,1.06535e+09
1.92899,0.482291,1.06535e+09
0.578277,-0.379233,1.06535e+09
-0.601988,0.818809,0
0.736001,-0.42291,1.06535e+09
0.330132,0.922417,0
-0.079168,1.00553,0
1.05775,0.211739,0
-0.665421,0.777525,0
0.820444,0.643267,0
-0.925912,0.328299,0
0.837276,0.561894,0
1.05464,-0.547864,1.06535e+09
1.77522,-0.167932,1.06535e+09
0.378611,-0.272571,1.06535e+09
0.470814,0.899047,0
-1.01175,0.255426,0
1.92706,0.293011,1.06535e+09
-0.057445,0.431412,1.06535e+09
-1.02539,0.29496,0
-0.889269,0.541966,0
1.54298,-0.288869,1.06535e+09
0.472049,0.816557,0
-0.960022,0.362036,0
0.030739,0.361303,1.06535e+09
0.94871,-0.023696,0
-0.912447,0.522288,0
1.90774,0.084631,1.06535e+09
-0.318321,0.997157,0
-0.91114,0.576056,0
0.004631,0.360545,1.06535e+09
1.89391,-0.060901,1.06535e+09
2.08746,0.347156,1.06535e+09
0.189405,0.060741,1.06535e+09
0.982869,0.073512,0
-0.957791,0.266303,0
1.63271,-0.327393,1.06535e+09
0.164676,0.953889,0
-0.732418,0.558568,0
0.110816,0.183787,1.06535e+09
1.986,-0.002973,1.06535e+09
0.072516,0.948389,0
1.94639,0.102846,1.06535e+09
-0.997825,0.193925,0
-0.176203,1.00204,0
1.02374,0.025688,0
0.987032,-0.034628,0
1.2233,-0.445972,1.06535e+09
0.056069,0.142751,1.06535e+09
0.322753,-0.214834,1.06535e+09
0.403522,0.937864,0
1.84585,0.080722,1.06535e+09
-0.325689,0.927063,0
0.03517,0.235327,1.06535e+09
-0.525745,0.824027,0
1.53143,-0.28447,1.06535e+09
-1.01901,0.278279,0
0.044215,0.123554,1.06535e+09
0.273929,0.944218,0
0.925159,-0.552833,1.06535e+09
1.8129,-0.011674,1.06535e+09
1.96839,0.172914,1.06535e+09
0.671723,-0.483552,1.06535e+09
-0.828544,0.511168,0
-0.351094,0.88817,0
0.444325,-0.302244,1.06535e+09
1.67037,-0.20973,1.06535e+09
0.90562,0.628369,0
-0.108312,0.958173,0
-0.08287,0.355225,1.06535e+09
0.843428,0.448885,0
-0.786312,0.680699,0
1.1865,-0.501508,1.06535e+09
1.81366,-0.001176,1.06535e+09
0.327063,-0.15055,1.06535e+09
0.852402,0.516619,0
1.34386,-0.475087,1.06535e+09
0.491622,-0.3662,1.06535e+09
0.622171,-0.384784,1.06535e+09
1.56759,-0.211401,1.06535e+09
0.244197,1.00663,0
-0.710192,0.683835,0
0.585154,0.909667,0
-0.933582,0.169095,0
1.14846,-0.457468,1.06535e+09
1.89239,-0.012486,1.06535e+09
0.010395,0.157766,1.06535e+09
0.318733,-0.218992,1.06535e+09
0.289884,-0.143152,1.06535e+09
0.087615,-0.049551,1.06535e+09
0.576516,-0.325309,1.06535e+09
0.924043,0.340785,0
-1.04249,0.169628,0
-0.874174,0.464259,0
-1.00231,0.177669,0
0.690541,0.758358,0
1.03249,0.175492,0
-0.051237,0.393975,1.06535e+09
1.03954,0.26043,0
1.67499,-0.282206,1.06535e+09
-0.760484,0.577895,0
1.83422,-0.067861,1.06535e+09
-0.077699,0.179515,1.06535e+09
0.887573,-0.478301,1.06535e+09
-0.959524,0.208676,0
0.100085,0.073783,1.06535e+09
-0.723904,0.678699,0
-0.473195,0.838578,0
1.795,-0.152067,1.06535e+09
0.062075,0.111023,1.06535e+09
0.168693,-0.066574,1.06535e+09
0.056883,0.979098,0
1.04103,0.064393,0
0.123864,0.003999,1.06535e+09
-0.013808,0.510671,1.06535e+09
0.204519,-0.176199,1.06535e+09
0.628543,0.795585,0
0.898715,-0.459073,1.06535e+09
0.331226,-0.348816,1.06535e+09
0.435131,-0.311084,1.06535e+09
0.382126,0.91472,0
1.54057,-0.353451,1.06535e+09
1.30335,-0.488678,1.06535e+09
0.442887,-0.341522,1.06535e+09
1.47872,-0.397544,1.06535e+09
0.872342,0.532601,0
1.87654,0.048686,1.06535e+09
2.00201,0.219107,1.06535e+09
0.315932,-0.143402,1.06535e+09
0.372174,-0.237116,1.06535e+09
-0.113523,0.952076,0
0.446244,-0.266124,1.06535e+09
-1.03671,0.18354,0
-0.896145,0.364558,0
1.23169,-0.462754,1.06535e+09
0.871078,-0.530871,1.06535e+09
1.00591,0.150848,0
0.630436,0.820582,0
0.485711,0.920695,0
0.86814,-0.527806,1.06535e+09
-0.007302,0.335511,1.06535e+09
-0.605482,0.816107,0
0.616947,-0.384957,1.06535e+09
-0.925228,0.137696,0
0.2267,1.00186,0
0.839581,-0.601157,1.06535e+09
1.6989,-0.23713,1.06535e+09
1.75498,-0.041327,1.06535e+09
0.776348,0.675496,0
0.027276,0.259717,1.06535e+09
0.68108,0.742773,0
-0.383603,0.894124,0
0.749065,0.666313,0
-1.01503,0.042292,0
1.1659,-0.570255,1.06535e+09
0.157269,1.03056,0
-0.672612,0.908719,0
0.024029,0.199801,1.06535e+09
0.112751,0.181558,1.06535e+09
1.0406,0.343721,0
0.517496,-0.335484,1.06535e+09
0.652832,0.791052,0
-0.729014,0.58586,0
0.875998,0.472453,0
2.04166,0.32657,1.06535e+09
-0.48668,0.914436,0
-1.03403,0.31972,0
0.28287,-0.277221,1.06535e+09
-1.02784,0.237464,0
-0.72523,0.580056,0
0.783019,0.618183,0
2.02782,0.321744,1.06535e+09
1.60422,-0.401269,1.06535e+09
0.209925,0.987766,0
1.19998,-0.533295,1.06535e+09
0.116907,1.00522,0
0.946372,0.494946,0
0.405899,0.95719,0
0.081057,0.039184,1.06535e+09
0.036273,0.317093,1.06535e+09
1.94469,0.279186,1.06535e+09
-0.025809,0.275798,1.06535e+09
0.935164,-0.472458,1.06535e+09
1.58894,-0.394309,1.06535e+09
1.26381,-0.39915,1.06535e+09
0.092354,0.332949,1.06535e+09
1.84768,0.004924,1.06535e+09
-0.263024,0.940459,0
0.110193,0.196608,1.06535e+09
1.83604,0.044711,1.06535e+09
0.078788,1.01618,0
-0.214933,0.989381,0
0.960951,0.09217,0
1.78446,-0.057285,1.06535e+09
0.455668,-0.296946,1.06535e+09
0.240901,-0.116488,1.06535e+09
1.9261,-0.026175,1.06535e+09
0.728751,0.801042,0
-0.065886,0.403633,1.06535e+09
-0.818696,0.614692,0
0.173255,0.933511,0
1.95741,0.084065,1.06535e+09
-0.742759,0.621204,0
0.969236,0.0272,0
0.617086,-0.39869,1.06535e+09
1.49966,-0.320013,1.06535e+09
0.02888,0.097961,1.06535e+09
0.940271,0.06305,0
1.10543,-0.499055,1.06535e+09
0.338084,-0.2617,1.06535e+09
1.95543,0.466438,1.06535e+09
0.610101,-0.476449,1.06535e+09
0.430359,0.933622,0
0.976113,-0.449637,1.06535e+09
-0.617418,0.833606,0
0.303972,0.967463,0
0.964821,0.129725,0
0.707673,-0.509961,1.06535e+09
0.903253,-0.449868,1.06535e+09
-0.950726,0.236227,0
-0.011163,0.223478,1.06535e+09
0.455305,0.878796,0
0.852814,0.364961,0
-0.841716,0.627653,0
1.23719,-0.40053,1.06535e+09
1.40393,-0.326856,1.06535e+09
0.01781,0.488014,1.06535e+09
1.62547,-0.364434,1.06535e+09
0.398431,0.991109,0
-0.114275,0.90811,0
0.204667,-0.04399,1.06535e+09
0.063345,0.010587,1.06535e+09
-0.648103,0.873572,0
-0.549188,0.917285,0
-0.875569,0.400895,0
-0.268218,0.944207,0
0.544,0.897618,0
0.371657,1.02679,0
0.402704,-0.258707,1.06535e+09
-0.493384,0.863359,0
1.41091,-0.386221,1.06535e+09
0.77831,-0.528725,1.06535e+09
0.038046,0.967603,0
-0.126724,1.01241,0
0.806691,-0.469275,1.06535e+09
-0.020854,1.03834,0
0.74031,-0.491745,1.06535e+09
0.39145,-0.218274,1.06535e+09
-0.59941,0.875022,0
1.00528,0.249144,0
-0.584734,0.776738,0
0.468297,-0.345175,1.06535e+09
0.097282,0.195695,1.06535e+09
1.89489,0.396541,1.06535e+09
0.953934,0.337629,0
0.158911,0.082446,1.06535e+09
1.39926,-0.386827,1.06535e+09
1.18477,-0.459356,1.06535e+09
2.02984,0.130763,1.06535e+09
0.504657,0.813325,0
2.0384,0.24217,1.06535e+09
-0.775897,0.661804,0
1.9271,0.041074,1.06535e+09
1.0378,0.090183,0
-0.936356,0.475294,0
0.960244,-0.465531,1.06535e+09
0.212906,-0.166412,1.06535e+09
1.82023,-0.139602,1.06535e+09
1.02289,0.24825,0
0.098369,0.965253,0
1.07236,-0.577095,1.06535e+09
1.05901,-0.43329,1.06535e+09
1.54913,-0.399872,1.06535e+09
0.772434,0.621561,0
0.445879,1.03703,0
1.59666,-0.201377,1.06535e+09
0.645944,0.729131,0
1.81806,0.046431,1.06535e+09
1.86326,-0.204859,1.06535e+09
1.2763,-0.467995,1.06535e+09
1.27438,-0.447124,1.06535e+09
1.58523,-0.317012,1.06535e+09
-0.082614,1.00605,0
0.941623,0.234694,0
0.491341,-0.44226,1.06535e+09
0.215656,0.903445,0
1.81376,-0.151271,1.06535e+09
-0.124961,0.985581,0
0.831315,0.525183,0
-0.698529,0.779436,0
0.492687,-0.341661,1.06535e+09
0.699012,0.83859,0
0.075351,0.142909,1.06535e+09
1.72941,-0.197242,1.06535e+09
0.651549,-0.512361,1.06535e+09
0.621969,0.878247,0
0.570383,0.846823,0
-0.861777,0.548705,0
-0.923418,0.345291,0
1.23236,-0.486775,1.06535e+09
1.90933,0.161187,1.06535e+09
1.81423,-0.097869,1.06535e+09
1.90201,0.126497,1.06535e+09
0.684282,0.704113,0
-0.892893,0.392713,0
0.277738,-0.190733,1.06535e+09
0.981905,-0.505823,1.06535e+09
0.236314,-0.190256,1.06535e+09
-0.254867,0.97801,0
0.284213,-0.243912,1.06535e+09
-0.491275,0.914197,0
-0.10855,0.935353,0
0.47908,0.903291,0
0.591664,0.757605,0
-0.593447,0.968787,0
0.809132,0.599917,0
1.37263,-0.511248,1.06535e+09
0.035189,0.11455,1.06535e+09
1.75999,-0.221182,1.06535e+09
1.73472,-0.10118,1.06535e+09
-0.031003,0.369044,1.06535e+09
0.638269,-0.35535,1.06535e+09
1.84475,0.072981,1.06535e+09
1.93013,0.08239,1.06535e+09
0.136614,-0.142786,1.06535e+09
1.20917,-0.4747,1.06535e+09
-1.05286,0.060817,0
0.194165,1.01836,0
-0.380505,0.94403,0
2.05853,0.407169,1.06535e+09
-0.01007,0.307859,1.06535e+09
-0.334142,0.903396,0
1.46724,-0.378626,1.06535e+09
1.34473,-0.35136,1.06535e+09
1.91122,0.133275,1.06535e+09
0.474469,-0.30865,1.06535e+09
0.206827,1.0952,0
0.543255,-0.413142,1.06535e+09
1.52609,-0.330817,1.06535e+09
0.44444,0.877343,0
1.17309,-0.554868,1.06535e+09
0.904567,-0.541097,1.06535e+09
0.335163,-0.207813,1.06535e+09
-0.445662,0.93849,0
-0.023657,0.524252,1.06535e+09
0.834933,0.53658,0
0.807774,0.375495,0
0.579683,-0.360457,1.06535e+09
1.02958,-0.511543,1.06535e+09
0.600219,-0.361347,1.06535e+09
-0.579669,0.735289,0
1.84564,-0.088382,1.06535e+09
-0.899536,0.537947,0
-1.00728,0.255057,0
-1.12106,0.024002,0
1.4834,-0.362424,1.06535e+09
1.95557,0.209926,1.06535e+09
0.243856,-0.084264,1.06535e+09
-0.071175,0.998351,0
0.546929,0.858065,0
-0.780595,0.6061,0
-0.542078,0.855812,0
0.957732,0.148841,0
1.1807,-0.481333,1.06535e+09
1.91632,0.426373,1.06535e+09
0.419854,0.87187,0
0.63031,-0.348376,1.06535e+09
1.42473,-0.377663,1.06535e+09
0.783328,0.617669,0
1.79267,-0.062413,1.06535e+09
0.949914,0.20225,0
0.618148,0.774726,0
0.855129,0.091126,0
-0.788003,0.492026,0
0.313864,0.943082,0
0.061803,0.385749,1.06535e+09
-0.875996,0.33678,0
-0.232928,1.01722,0
0.333739,-0.288411,1.06535e+09
1.19595,-0.539999,1.06535e+09
1.58674,-0.274425,1.06535e+09
0.953071,0.352095,0
1.31061,-0.462595,1.06535e+09
1.70554,-0.32291,1.06535e+09
0.519396,-0.401678,1.06535e+09
-0.170205,1.00333,0
1.39021,-0.444862,1.06535e+09
0.182031,0.957679,0
1.85173,-0.001672,1.06535e+09
0.190609,0.879101,0
-0.34507,0.891149,0
0.413545,-0.242226,1.06535e+09
0.382169,0.818593,0
-0.512082,0.901396,0
0.068924,0.216697,1.06535e+09
0.520501,0.908158,0
-0.84442,0.623315,0
-0.666745,0.726554,0
-0.87579,0.531598,0
1.32929,-0.392762,1.06535e+09
0.967854,0.309769,0
-0.12565,1.08019,0
-0.943871,0.073884,0
0.186904,-0.226026,1.06535e+09
-0.184821,1.00148,0
1.08183,-0.432236,1.06535e+09
1.99373,0.239713,1.06535e+09
1.78841,-0.174557,1.06535e+09
1.36091,-0.422383,1.06535e+09
1.56785,-0.384842,1.06535e+09
0.052117,0.174325,1.06535e+09
0.548168,0.828977,0
0.774081,0.719879,0
0.040303,0.140548,1.06535e+09
1.61971,-0.169677,1.06535e+09
0.595471,0.79184,0
-0.629003,0.723998,0
1.61363,-0.313354,1.06535e+09
-0.617583,0.682164,0
0.867391,0.581167,0
0.787558,0.579666,0
0.328848,0.978964,0
0.260347,1.02549,0
0.382063,0.947765,0
0.78048,0.662614,0
-0.058713,0.898233,0
-0.625099,0.770151,0
-0.02187,0.34721,1.06535e+09
1.76992,-0.126446,1.06535e+09
1.96496,0.259888,1.06535e+09
-1.00827,-0.039765,0
1.94446,0.482349,1.06535e+09
0.913553,0.361226,0
0.049393,0.937492,0
0.702834,0.682314,0
1.92784,0.189291,1.06535e+09
-0.902739,0.375617,0
-0.878869,0.514022,0
0.636335,-0.498429,1.06535e+09
2.02794,0.290234,1.06535e+09
1.03783,0.083918,0
-1.03947,0.030144,0
0.600966,-0.383273,1.06535e+09
1.11911,-0.459785,1.06535e+09
0.045819,1.01071,0
0.616798,-0.430082,1.06535e+09
0.701458,-0.412874,1.06535e+09
1.48528,-0.462432,1.06535e+09
1.52705,-0.335362,1.06535e+09
1.95843,0.174127,1.06535e+09
0.565929,-0.393424,1.06535e+09
0.577065,0.70565,0
0.183326,-0.027492,1.06535e+09
-0.047257,0.458145,1.06535e+09
0.354123,-0.195914,1.06535e+09
0.116698,0.132548,1.06535e+09
0.235128,1.00694,0
2.04526,0.417565,1.06535e+09
-0.036202,0.390766,1.06535e+09
0.046156,0.291385,1.06535e+09
1.62411,-0.247168,1.06535e+09
1.85225,-0.069171,1.06535e+09
0.344562,-0.304056,1.06535e+09
-0.124218,1.06234,0
1.06331,0.24881,0
0.502871,-0.245047,1.06535e+09
0.85983,-0.432848,1.06535e+09
-0.682621,0.849972,0
0.160882,0.100889,1.06535e+09
0.921134,0.63634,0
-0.509052,0.835628,0
0.485183,0.871406,0
0.157797,0.913127,0
1.94186,0.100786,1.06535e+09
-0.898095,0.489381,0
2.0009,0.337629,1.06535e+09
-0.24168,0.92341,0
0.700334,0.733688,0
0.53289,-0.290075,1.06535e+09
1.47885,-0.38733,1.06535e+09
0.064975,0.272602,1.06535e+09
-0.946974,0.325256,0
1.07888,0.109529,0
0.306582,-0.341935,1.06535e+09
0.209477,-0.150955,1.06535e+09
0.189102,-0.184163,1.06535e+09
-0.403663,0.983647,0
0.600179,0.82139,0
0.029777,0.198177,1.06535e+09
1.90043,-0.051474,1.06535e+09
-0.583459,0.868133,0
1.5783,-0.042198,1.06535e+09
-0.02858,0.159742,1.06535e+09
-0.701942,0.734159,0
1.82753,-0.214481,1.06535e+09
1.95025,0.135421,1.06535e+09
1.97688,0.134285,1.06535e+09
0.103158,0.982678,0
-0.96282,0.190848,0
1.63187,-0.219484,1.06535e+09
0.506622,-0.393533,1.06535e+09
1.0956,0.047245,0
-0.181843,0.991536,0
0.969161,0.033569,0
1.90403,-0.126776,1.06535e+09
0.684472,-0.48902,1.06535e+09
-0.365566,0.89501,0
1.8719,-0.055538,1.06535e+09
1.54546,-0.313945,1.06535e+09
2.01701,0.495445,1.06535e+09
0.178063,0.029492,1.06535e+09
0.858756,-0.449594,1.06535e+09
-1.06928,0.160238,0
0.161536,0.085802,1.06535e+09
0.94374,0.231096,0
-0.182953,1.03745,0
0.031016,0.257951,1.06535e+09
0.710681,0.693343,0
0.389642,0.96143,0
0.914006,0.394226,0
1.30853,-0.464227,1.06535e+09
-0.940326,0.314509,0
0.961022,-0.54336,1.06535e+09
-0.268937,1.0006,0
-0.227968,0.980494,0
0.901986,-0.603289,1.06535e+09
-0.997555,0.111466,0
-0.202602,1.04421,0
1.35649,-0.550139,1.06535e+09
1.15036,-0.43911,1.06535e+09
0.916964,0.248562,0
-0.541915,0.891475,0
0.347201,-0.301359,1.06535e+09
0.056418,1.03284,0
0.002082,0.420292,1.06535e+09
0.661999,0.729187,0
0.734041,0.714477,0
0.500748,-0.339976,1.06535e+09
0.989362,0.161723,0
1.16702,-0.461852,1.06535e+09
0.811954,0.461625,0
-0.572461,0.89499,0
0.19909,-0.054528,1.06535e+09
1.5536,-0.348686,1.06535e+09
0.59783,-0.480718,1.06535e+09
0.517196,0.779048,0
0.502679,-0.432404,1.06535e+09
-0.790996,0.43694,0
2.04757,0.34478,1.06535e+09
0.231852,-0.199258,1.06535e+09
0.165999,1.01874,0
-0.088802,0.908947,0
1.46707,-0.354126,1.06535e+09
-0.086705,1.00637,0
1.04116,-0.582168,1.06535e+09
0.005829,0.325168,1.06535e+09
-0.485969,0.771791,0
2.02937,0.50396,1.06535e+09
0.527274,0.877257,0
-1.07139,0.104398,0
1.04337,0.197669,0
0.444636,-0.429469,1.06535e+09
0.341254,-0.245515,1.06535e+09
0.73146,0.617143,0
0.103265,0.022343,1.06535e+09
0.87152,0.218862,0
1.46883,-0.401371,1.06535e+09
1.67986,-0.246996,1.06535e+09
0.317961,-0.266772,1.06535e+09
-0.110401,1.05988,0
0.981195,0.472805,0
0.042444,0.068033,1.06535e+09
0.846995,0.51689,0
0.970237,0.041903,0
-0.854006,0.681465,0
0.634793,-0.536038,1.06535e+09
-0.013052,1.10465,0
-0.925642,0.551995,0
0.856713,-0.507072,1.06535e+09
0.872823,-0.448163,1.06535e+09
-0.091683,1.04619,0
2.00317,0.47415,1.06535e+09
1.1031,-0.514785,1.06535e+09
-0.23175,1.02542,0
0.084599,-0.095591,1.06535e+09
0.152663,-0.147832,1.06535e+09
0.465862,-0.292891,1.06535e+09
0.666957,0.828665,0
1.9523,0.128689,1.06535e+09
-0.408779,0.886066,0
-1.00308,0.028377,0
-1.01918,0.112062,0
2.0823,0.133615,1.06535e+09
-0.162615,0.939579,0
0.824762,0.579351,0
0.98002,-0.443702,1.06535e+09
1.44623,-0.383808,1.06535e+09
0.216203,1.05116,0
-0.976208,0.320398,0
-0.867114,0.477918,0
0.854138,-0.372738,1.06535e+09
0.963967,0.362384,0
0.595497,-0.387156,1.06535e+09
0.398594,-0.331604,1.06535e+09
0.872978,0.402727,0
0.729687,0.582038,0
0.750509,0.574988,0
0.967054,-0.000142,0
0.111884,0.151382,1.06535e+09
-0.882735,0.48231,0
0.2383,-0.128428,1.06535e+09
-0.976021,0.171066,0
0.951427,0.158233,0
0.067405,-0.021897,1.06535e+09
-0.075783,1.07028,0
-1.03535,0.219008,0
0.262369,-0.182511,1.06535e+09
-0.480382,0.987698,0
0.06839,-0.012374,1.06535e+09
0.318973,-0.219692,1.06535e+09
0.328821,0.932817,0
-0.23686,1.0082,0
-1.00823,0.085713,0
0.144796,0.980727,0
0.534306,-0.390502,1.06535e+09
0.484295,0.850773,0
-0.969041,0.329678,0
0.092037,0.997648,0
1.21941,-0.529536,1.06535e+09
0.504694,-0.255824,1.06535e+09
0.159885,-0.091085,1.06535e+09
-0.745185,0.685366,0
0.895076,0.459007,0
-0.810091,0.511848,0
0.190559,0.932925,0
2.09384,0.450092,1.06535e+09
0.295412,0.938376,0
1.1007,-0.510912,1.06535e+09
-0.589931,0.835662,0
1.8405,0.152663,1.06535e+09
-0.486002,0.880087,0
0.914481,-0.46441,1.06535e+09
0.939998,0.278595,0
-0.985499,0.384885,0
0.118297,0.180496,1.06535e+09
0.445357,0.895994,0
0.177734,1.02812,0
1.9283,0.155697,1.06535e+09
2.0669,0.36876,1.06535e+09
1.79669,-0.152708,1.06535e+09
1.05839,0.292551,0
-0.739916,0.620203,0
0.292146,-0.11232,1.06535e+09
0.067813,0.196877,1.06535e+09
-0.961611,0.21067,0
2.05078,0.380429,1.06535e+09
1.98677,0.426951,1.06535e+09
-0.002948,0.27218,1.06535e+09
-0.254572,0.963987,0
0.554418,0.924923,0
1.9294,0.128463,1.06535e+09
1.04699,0.068954,0
0.459738,0.922949,0
-0.901279,0.664728,0
-0.922393,0.473643,0
0.130037,0.057588,1.06535e+09
-0.868424,0.464372,0
0.986643,0.10016,0
0.512133,-0.382089,1.06535e+09
0.016664,0.350409,1.06535e+09
0.235618,-0.013797,1.06535e+09
0.077133,0.949072,0
-0.732204,0.701713,0
0.078629,0.17524,1.06535e+09
-0.263519,0.999917,0
-0.038382,0.970231,0
1.1799,-0.518115,1.06535e+09
-0.997648,0.43436,0
-0.809814,0.486299,0
1.56352,-0.216737,1.06535e+09
1.18532,-0.435671,1.06535e+09
1.03729,-0.479593,1.06535e+09
-0.245946,0.971598,0
-0.119587,0.971898,0
0.926897,0.415183,0
0.851036,0.57288,0
0.011812,1.00358,0
1.4506,-0.382314,1.06535e+09
-0.326615,0.901818,0
-0.656791,0.632001,0
0.693441,0.542949,0
0.110949,0.045701,1.06535e+09
2.00363,0.396878,1.06535e+09
0.775188,-0.505538,1.06535e+09
-0.198335,0.856276,0
0.859937,0.539797,0
0.556341,0.793831,0
0.225413,-0.041652,1.06535e+09
0.225747,-0.031424,1.06535e+09
0.148371,0.012345,1.06535e+09
-0.224192,0.949807,0
1.80548,-0.000652,1.06535e+09
1.82308,-0.03979,1.06535e+09
1.02841,-0.516088,1.06535e+09
-0.54916,0.795081,0
0.158056,0.098476,1.06535e+09
-0.726502,0.750391,0
0.597696,0.843729,0
0.481359,0.870082,0
0.101595,0.176103,1.06535e+09
0.02531,0.3536,1.06535e+09
-0.473371,0.862035,0
0.13241,-0.122903,1.06535e+09
-0.07155,0.40106,1.06535e+09
0.153457,1.01819,0
-0.904901,0.493478,0
0.306589,-0.265963,1.06535e+09
-0.306191,0.976472,0
-1.02212,0.350999,0
-1.04741,0.185202,0
-0.442086,1.05029,0
1.85653,0.048144,1.06535e+09
0.936804,0.362625,0
0.669214,0.733292,0
1.3442,-0.412945,1.06535e+09
1.94869,0.106329,1.06535e+09
-0.285644,0.823691,0
-0.995696,0.288916,0
0.42389,-0.325677,1.06535e+09
0.949505,0.16475,0
0.24283,-0.218838,1.06535e+09
-0.169878,1.04365,0
0.217421,-0.124978,1.06535e+09
0.81843,-0.567669,1.06535e+09
1.88904,0.307058,1.06535e+09
0.54597,-0.363355,1.06535e+09
0.395985,-0.374564,1.06535e+09
0.092735,0.027608,1.06535e+09
-0.790063,0.658319,0
1.97762,0.537372,1.06535e+09
-0.283296,0.898051,0
0.053714,0.926765,0
1.70405,-0.198278,1.06535e+09
0.078174,-0.037504,1.06535e+09
0.073882,0.158987,1.06535e+09
-0.452878,0.873331,0
0.201234,-0.063839,1.06535e+09
0.782986,-0.478442,1.06535e+09
-0.516028,0.92929,0
-0.888398,0.495722,0
0.631053,0.74328,0
-0.974446,0.200825,0
1.61447,-0.15982,1.06535e+09
0.782884,-0.429087,1.06535e+09
-0.098499,1.00334,0
1.31604,-0.446102,1.06535e+09
-0.505777,0.943481,0
-0.697583,0.85105,0
-0.922665,0.32152,0
1.99032,0.427857,1.06535e+09
1.85133,-0.024138,1.06535e+09
0.497749,0.889538,0
0.683992,-0.396874,1.06535e+09
1.91865,-0.123372,1.06535e+09
-0.983097,0.207499,0
0.385883,1.01249,0
1.91478,0.052514,1.06535e+09
1.60549,-0.360053,1.06535e+09
0.96408,0.34592,0
1.84925,-0.13506,1.06535e+09
0.522024,0.799505,0
-0.833086,0.576455,0
1.22557,-0.457777,1.06535e+09
0.171972,0.973722,0
1.05888,0.243113,0
0.923307,0.188896,0
-0.636,0.842954,0
1.3643,-0.372931,1.06535e+09
1.02055,-0.498768,1.06535e+09
-0.971722,0.079421,0
0.407871,0.857941,0
0.149584,-0.010631,1.06535e+09
0.702497,-0.413709,1.06535e+09
0.935177,0.1497,0
1.05093,0.094065,0
1.06697,-0.501172,1.06535e+09
1.05383,-0.497012,1.06535e+09
1.969,0.231975,1.06535e+09
1.79068,-0.307055,1.06535e+09
1.19596,-0.46044,1.06535e+09
-0.191897,0.964632,0
-0.824539,0.423076,0
-0.003295,0.55911,1.06535e+09
-0.002849,0.977893,0
0.055788,0.977808,0
1.86578,0.100557,1.06535e+09
1.0345,0.28441,0
0.695881,0.547558,0
1.84165,-0.096572,1.06535e+09
0.913511,-0.453399,1.06535e+09
1.03181,-0.48658,1.06535e+09
1.35885,-0.40374,1.06535e+09
-0.993801,0.216192,0
1.94955,0.279706,1.06535e+09
-0.626554,0.659829,0
-0.696943,0.839276,0
-0.709647,0.546997,0
1.35878,-0.410889,1.06535e+09
0.283456,1.00271,0
0.931484,0.427121,0
0.831726,-0.436345,1.06535e+09
1.53054,-0.358515,1.06535e+09
-0.227145,0.968507,0
0.942011,0.415899,0
0.372833,-0.352056,1.06535e+09
0.052862,0.488607,1.06535e+09
0.79018,0.762544,0
0.225117,-0.068556,1.06535e+09
0.912927,0.259216,0
-0.933846,0.016677,0
0.298069,0.927338,0
0.32336,0.912599,0
-0.588289,0.733867,0
0.399773,0.878821,0
-0.373658,0.880002,0
-0.935721,-0.104234,0
0.723641,0.727447,0
-0.875521,0.476582,0
1.76388,-0.044288,1.06535e+09
0.520511,0.843808,0
0.137766,1.06773,0
0.441629,-0.198244,1.06535e+09
0.696143,0.781283,0
1.57007,-0.267757,1.06535e+09
0.513326,0.829177,0
1.34966,-0.441747,1.06535e+09
0.834943,-0.54736,1.06535e+09
-0.883307,0.399019,0
1.5714,-0.30661,1.06535e+09
0.565311,-0.442377,1.06535e+09
-0.485649,0.881539,0
-0.745713,0.649152,0
-0.973301,0.406192,0
-0.288061,0.965484,0
-0.002319,0.54935,1.06535e+09
0.873627,0.54063,0
-0.478624,0.880832,0
-0.879793,0.446977,0
1.92338,-0.03017,1.06535e+09
0.966982,0.221688,0
0.94954,0.356619,0
0.232589,0.939462,0
0.003797,0.294802,1.06535e+09
-0.788184,0.485372,0
1.74619,-0.128163,1.06535e+09
1.03034,0.068678,0
1.78883,0.04219,1.06535e+09
-0.555782,0.813934,0
0.786083,0.686405,0
1.9277,0.14362,1.06535e+09
-0.622256,0.847242,0
0.847656,0.3897,0
-0.164208,0.991415,0
-0.878811,0.37571,0
0.725669,0.70375,0
0.723505,0.611589,0
0.049135,0.16477,1.06535e+09
-0.588422,0.731732,0
1.99407,0.112919,1.06535e+09
1.15098,-0.38811,1.06535e+09
0.747268,0.735046,0
1.47858,-0.339653,1.06535e+09
1.01884,0.065773,0
0.316082,-0.217523,1.06535e+09
1.1038,-0.536094,1.06535e+09
1.88602,0.225524,1.06535e+09
-0.77779,0.628634,0
0.358502,-0.228176,1.06535e+09
0.085208,0.383892,1.06535e+09
0.267125,-0.133536,1.06535e+09
1.99476,0.431959,1.06535e+09
1.7102,-0.193811,1.06535e+09
0.924534,-0.500358,1.06535e+09
1.95018,0.227274,1.06535e+09
0.730909,-0.493961,1.06535e+09
-0.950586,0.206188,0
0.944869,-0.48909,1.06535e+09
-0.038837,1.09486,0
1.64712,-0.260376,1.06535e+09
1.22403,-0.447677,1.06535e+09
0.073201,1.0835,0
0.958286,0.14961,0
-0.5315,0.889878,0
1.10635,-0.445353,1.06535e+09
-0.945487,0.187588,0
0.077156,0.157475,1.06535e+09
0.072979,0.99542,0
-1.02393,0.047982,0
0.391696,-0.358023,1.06535e+09
0.461774,-0.287562,1.06535e+09
2.00639,0.281013,1.06535e+09
-0.641573,0.775362,0
1.03503,0.289806,0
0.532212,0.774477,0
-0.023527,0.248364,1.06535e+09
0.080758,0.949395,0
-0.609087,0.909541,0
0.923595,-0.457764,1.06535e+09
-0.919192,0.371811,0
0.034549,0.248509,1.06535e+09
-0.090401,0.976378,0
2.06783,0.348914,1.06535e+09
-0.075541,1.00907,0
0.032416,0.160716,1.06535e+09
0.190968,0.073569,1.06535e+09
0.120623,-0.056807,1.06535e+09
0.562945,0.831812,0
1.94194,0.261994,1.06535e+09
-0.700585,0.7417,0
0.592943,-0.310205,1.06535e+09
0.740512,-0.533245,1.06535e+09
-0.648851,0.800105,0
-0.801163,0.620239,0
-0.511206,0.867839,0
-0.102875,1.02686,0
0.185866,0.988764,0
1.1731,-0.539008,1.06535e+09
0.953216,0.002375,0
0.788989,-0.550741,1.06535e+09
-0.872959,0.298614,0
2.03828,0.326972,1.06535e+09
0.024676,0.479865,1.06535e+09
0.760356,-0.462381,1.06535e+09
1.85614,0.101705,1.06535e+09
-0.60671,0.904046,0
-1.0321,0.059129,0
-0.495679,0.809592,0
-0.940238,0.257697,0
1.38851,-0.412701,1.06535e+09
-0.021059,0.37217,1.06535e+09
0.18893,-0.050924,1.06535e+09
-0.05282,0.481591,1.06535e+09
0.920114,0.410235,0
1.99541,0.23419,1.06535e+09
-0.888932,0.400726,0
0.009746,1.03369,0
0.120075,0.091898,1.06535e+09
-0.043469,1.01538,0
0.533803,-0.346231,1.06535e+09
1.52047,-0.360394,1.06535e+09
0.20456,-0.210945,1.06535e+09
-0.829924,0.663056,0
0.497564,0.863578,0
1.65275,-0.207644,1.06535e+09
0.804244,0.487353,0
0.097569,0.249154,1.06535e+09
1.33337,-0.466682,1.06535e+09
0.443266,0.882594,0
0.9574,-0.52491,1.06535e+09
1.75417,-0.118528,1.06535e+09
1.0925,-0.397623,1.06535e+09
1.93825,0.120149,1.06535e+09
0.395913,-0.343479,1.06535e+09
1.84051,0.036807,1.06535e+09
-0.963098,-0.045796,0
0.736148,0.753377,0
-0.620144,0.710443,0
0.412232,-0.315318,1.06535e+09
1.24864,-0.534851,1.06535e+09
1.14144,-0.539412,1.06535e+09
-0.136642,0.99671,0
-0.794733,0.629345,0
1.88589,0.073064,1.06535e+09
1.17262,-0.5034,1.06535e+09
-0.944433,0.341762,0
0.834114,-0.457617,1.06535e+09
0.158031,1.10402,0
-0.513006,0.905709,0
1.11781,-0.486956,1.06535e+09
0.993045,0.051397,0
0.268729,0.983162,0
1.7124,-0.254589,1.06535e+09
0.695328,0.843083,0
1.97302,0.406546,1.06535e+09
0.793494,0.437871,0
1.64389,-0.293356,1.06535e+09
1.05527,-0.492931,1.06535e+09
-0.837333,0.556035,0
1.59948,-0.243949,1.06535e+09
1.64772,-0.274849,1.06535e+09
-0.921791,0.42103,0
-0.922972,0.13564,0
-0.696338,0.734559,0
-0.923818,0.404508,0
1.51595,-0.439895,1.06535e+09
0.897413,0.517281,0
1.74432,-0.175828,1.06535e+09
0.942175,-0.49143,1.06535e+09
1.70358,-0.133161,1.06535e+09
-0.40957,0.87976,0
-0.805772,0.566008,0
0.054225,0.241783,1.06535e+09
0.854663,-0.48864,1.06535e+09
1.82126,0.032766,1.06535e+09
0.8979,-0.545698,1.06535e+09
0.125079,0.977457,0
0.775465,-0.383091,1.06535e+09
1.99389,0.313898,1.06535e+09
1.85505,-0.014109,1.06535e+09
0.164158,-0.073218,1.06535e+09
1.40866,-0.398553,1.06535e+09
0.722701,-0.478463,1.06535e+09
1.67022,-0.323333,1.06535e+09
0.597785,0.842019,0
0.871454,0.532813,0
0.790683,-0.512661,1.06535e+09
-0.973085,0.22283,0
-0.500374,0.79657,0
-0.274321,0.982248,0
0.326787,-0.215548,1.06535e+09
0.67661,-0.403815,1.06535e+09
-0.344289,1.06926,0
0.475901,0.98502,0
0.834479,-0.41479,1.06535e+09
-0.484982,0.987583,0
0.613608,0.718062,0
-0.936183,0.324712,0
-0.670147,0.787594,0
-0.530165,0.695371,0
0.937104,-0.49956,1.06535e+09
-0.88638,0.394666,0
1.05496,-0.555903,1.06535e+09
0.491298,0.872344,0
0.251505,0.995821,0
-1.02493,0.302491,0
1.89469,0.19812,1.06535e+09
0.549083,0.78956,0
0.112442,0.084181,1.06535e+09
0.933146,0.449911,0
0.712973,-0.437688,1.06535e+09
0.047499,0.417282,1.06535e+09
0.18186,1.0326,0
-0.764704,0.576805,0
0.271396,-0.174404,1.06535e+09
-0.057637,0.979728,0
0.605145,0.814938,0
1.29267,-0.415095,1.06535e+09
-0.569449,0.820401,0
-0.373118,0.959522,0
0.543666,-0.401236,1.06535e+09
1.68849,-0.15547,1.06535e+09
1.92415,0.410991,1.06535e+09
1.06529,0.196758,0
1.40989,-0.518589,1.06535e+09
-0.926333,0.346733,0
1.51044,-0.394833,1.06535e+09
1.89883,0.10638,1.06535e+09
0.720416,0.678236,0
-0.981915,0.090717,0
1.98617,0.201251,1.06535e+09
1.48168,-0.364741,1.06535e+09
0.676186,0.717256,0
0.005244,0.489977,1.06535e+09
0.026916,0.399445,1.06535e+09
0.181442,0.958492,0
1.95949,0.40996,1.06535e+09
1.88934,0.363132,1.06535e+09
-1.00368,0.101849,0
1.72141,-0.131603,1.06535e+09
0.521573,0.752428,0
1.07528,-0.501094,1.06535e+09
-0.995053,-0.032899,0
0.680451,0.777758,0
1.54625,-0.357579,1.06535e+09
1.9095,-0.045895,1.06535e+09
1.50165,-0.362177,1.06535e+09
0.495799,0.828417,0
-0.907956,0.556534,0
0.069657,0.021573,1.06535e+09
0.767537,-0.495644,1.06535e+09
-0.115776,0.984673,0
-0.037066,0.964655,0
1.05555,-0.493431,1.06535e+09
1.19544,-0.433641,1.06535e+09
0.931691,-0.549255,1.06535e+09
0.065998,1.04387,0
-0.369602,0.91679,0
-0.842043,0.502533,0
0.908282,0.055907,0
1.82782,0.046583,1.06535e+09
-0.529859,0.845511,0
1.01279,-0.52883,1.06535e+09
1.03065,0.051292,0
1.76627,-0.316726,1.06535e+09
0.797006,-0.510448,1.06535e+09
-1.06769,-0.06767,0
0.65551,-0.379775,1.06535e+09
0.411668,1.02233,0
0.905726,0.513901,0
-0.993978,0.116454,0
1.62467,-0.176154,1.06535e+09
1.44453,-0.497039,1.06535e+09
0.867308,0.600769,0
1.13708,-0.437385,1.06535e+09
0.129608,0.469275,1.06535e+09
0.860488,-0.501122,1.06535e+09
0.964309,-0.036404,0
-0.046508,0.435377,1.06535e+09
0.983726,0.461948,0
0.718931,0.70413,0
0.013747,0.512464,1.06535e+09
1.10313,-0.514708,1.06535e+09
-1.01638,0.385876,0
0.690439,-0.402434,1.06535e+09
1.05609,0.038084,0
1.56237,-0.403383,1.06535e+09
-0.016752,0.294629,1.06535e+09
0.355309,-0.210905,1.06535e+09
0.655903,0.657675,0
0.2209,0.941138,0
0.179815,0.957237,0
0.856589,0.441999,0
0.946846,0.359458,0
0.096222,-0.010911,1.06535e+09
0.675509,-0.428269,1.06535e+09
-0.216011,0.964925,0
0.46765,-0.350427,1.06535e+09
0.617939,0.794561,0
-0.067329,0.3841,1.06535e+09
1.22736,-0.485667,1.06535e+09
0.18124,1.00716,0
0.047523,0.983217,0
1.99434,0.342455,1.06535e+09
-0.003909,0.083024,1.06535e+09
0.327836,0.999947,0
1.98345,0.219495,1.06535e+09
-0.001591,0.431785,1.06535e+09
1.81483,-0.223097,1.06535e+09
-0.029308,0.349924,1.06535e+09
-1.06595,0.076162,0
-0.280504,0.955803,0
-0.923265,0.367344,0
-0.00353,0.185381,1.06535e+09
2.01162,0.368306,1.06535e+09
0.083022,0.368758,1.06535e+09
-0.009428,0.478726,1.06535e+09
0.769736,0.647269,0
1.94859,0.415433,1.06535e+09
0.879,0.109434,0
2.03292,0.33672,1.06535e+09
0.594765,-0.452417,1.06535e+09
-0.664081,0.75538,0
0.061362,0.095812,1.06535e+09
0.840284,-0.488197,1.06535e+09
-0.988897,0.312104,0
2.02183,0.107521,1.06535e+09
1.99664,0.226409,1.06535e+09
0.010257,0.224945,1.06535e+09
-0.57892,0.838372,0
0.696771,-0.535494,1.06535e+09
2.04424,0.342372,1.06535e+09
1.5969,-0.330141,1.06535e+09
1.61946,-0.302965,1.06535e+09
0.512703,-0.468267,1.06535e+09
-0.400459,0.900523,0
0.434421,0.883662,0
-0.903956,0.331575,0
0.245717,-0.216411,1.06535e+09
1.98737,0.459252,1.06535e+09
1.90013,0.248248,1.06535e+09
0.403276,0.857583,0
2.04118,0.382464,1.06535e+09
-0.985192,0.159463,0
2.04463,0.363917,1.06535e+09
1.99042,0.455962,1.06535e+09
-0.915036,0.379694,0
0.916375,-0.512384,1.06535e+09
0.180831,-0.038669,1.06535e+09
1.2712,-0.402363,1.06535e+09
-0.483258,0.958051,0
1.29927,-0.387472,1.06535e+09
1.89034,0.28001,1.06535e+09
-0.288391,0.965712,0
-0.832063,0.558732,0
0.975219,0.313413,0
-0.863251,0.434745,0
0.865039,0.474654,0
0.810623,-0.49551,1.06535e+09
-0.009338,1.04072,0
0.088492,0.974062,0
0.498929,-0.25932,1.06535e+09
-0.788557,0.782707,0
0.581747,-0.43867,1.06535e+09
-0.78798,0.585519,0
-0.274834,0.947762,0
0.031746,0.323163,1.06535e+09
1.75128,-0.2138,1.06535e+09
0.764741,-0.469625,1.06535e+09
0.547008,0.856403,0
2.10441,0.431906,1.06535e+09
0.452153,0.897869,0
0.101607,0.071567,1.06535e+09
0.646437,-0.350925,1.06535e+09
0.547163,-0.444375,1.06535e+09
1.0188,0.134121,0
-0.794491,0.738796,0
-0.96637,0.375857,0
0.565126,-0.378734,1.06535e+09
0.644873,0.627389,0
1.60127,-0.301737,1.06535e+09
0.287238,-0.269458,1.06535e+09
0.935679,0.397395,0
0.329375,0.974455,0
0.410782,0.816206,0
-0.482883,0.759612,0
0.468804,0.865679,0
-0.658438,0.764044,0
0.902482,0.590003,0
0.176158,-0.117923,1.06535e+09
0.898284,0.452507,0
0.981855,0.366089,0
0.873236,0.527098,0
1.02109,0.300339,0
1.16951,-0.441088,1.06535e+09
1.05147,0.157394,0
0.932377,-0.528912,1.06535e+09
-0.048144,0.926297,0
1.92307,0.05627,1.06535e+09
-0.48943,0.807409,0
-0.006851,0.431344,1.06535e+09
0.943751,0.407893,0
0.040343,-0.042767,1.06535e+09
1.72214,-0.043819,1.06535e+09
-0.920412,0.170502,0
1.03173,0.31756,0
0.925057,0.330933,0
0.671785,0.704178,0
1.85115,-0.027618,1.06535e+09
1.04808,0.108464,0
0.904099,0.465958,0
-0.881193,0.503184,0
-0.910003,0.385904,0
0.07033,0.153408,1.06535e+09
0.306108,-0.226489,1.06535e+09
-0.583314,0.669977,0
1.67589,-0.199851,1.06535e+09
1.48391,-0.303944,1.06535e+09
1.11467,0.299087,0
0.614803,0.752622,0
0.573226,0.853481,0
1.57357,-0.379988,1.06535e+09
1.1911,-0.476069,1.06535e+09
1.34326,-0.382503,1.06535e+09
0.46901,0.831401,0
0.681196,0.736583,0
-0.95248,0.220296,0
0.691958,0.742914,0
0.752856,0.635022,0
0.966934,0.012813,0
-0.257615,0.950259,0
0.505754,-0.322914,1.06535e+09
0.603295,0.775124,0
1.47274,-0.401959,1.06535e+09
0.418139,-0.361379,1.06535e+09
0.487856,-0.330976,1.06535e+09
0.341948,0.939806,0
-0.490879,0.84707,0
-0.441579,0.842563,0
0.284005,-0.074888,1.06535e+09
1.27994,-0.42179,1.06535e+09
-0.099603,1.03544,0
-0.351979,0.862412,0
-0.391476,0.881205,0
0.796931,0.618544,0
1.67977,-0.204962,1.06535e+09
0.060901,0.498044,1.06535e+09
-0.803066,0.611826,0
0.416318,0.915381,0
1.0305,-0.573003,1.06535e+09
-0.015642,1.03679,0
-0.500269,0.962503,0
0.867916,0.612086,0
-0.269438,1.07044,0
0.495808,0.886342,0
0.077889,0.189415,1.06535e+09
0.56377,-0.452926,1.06535e+09
1.61446,-0.260013,1.06535e+09
0.824197,0.50183,0
-0.448664,0.894483,0
-0.374376,0.89825,0
1.76559,-0.103729,1.06535e+09
1.7187,-0.112842,1.06535e+09
0.040475,0.047282,1.06535e+09
-0.701183,0.711934,0
-0.723625,0.688689,0
-0.929741,-0.013484,0
-0.914317,0.434827,0
0.90522,-0.438947,1.06535e+09
-0.128528,0.955645,0
-0.904018,0.507481,0
-0.997553,0.182332,0
0.62533,-0.460231,1.06535e+09
-0.888499,0.592424,0
1.16772,-0.429829,1.06535e+09
1.49013,-0.48566,1.06535e+09
1.9293,0.11016,1.06535e+09
0.98775,-0.423313,1.06535e+09
0.617378,0.746995,0
0.937005,0.412602,0
0.792408,0.54852,0
0.195961,0.969824,0
0.84988,0.558369,0
-0.94385,0.132627,0
0.007013,0.389193,1.06535e+09
-0.700205,0.669897,0
0.854197,0.334678,0
0.851856,0.498919,0
-1.00904,0.028121,0
0.779065,-0.504676,1.06535e+09
1.26168,-0.463127,1.06535e+09
1.63348,-0.336091,1.06535e+09
1.00677,0.152075,0
0.58305,0.686392,0
-1.10176,0.122784,0
1.98771,0.314986,1.06535e+09
-0.712583,0.562159,0
-0.78484,0.651616,0
1.91566,0.111001,1.06535e+09
1.94482,0.271326,1.06535e+09
2.00694,0.29038,1.06535e+09
0.753326,0.655452,0
0.798656,-0.413313,1.06535e+09
-1.05739,0.199466,0
1.05267,0.228505,0
1.73292,-0.084352,1.06535e+09
0.961808,-0.462485,1.06535e+09
-0.65426,0.672273,0
1.99901,0.3138,1.06535e+09
-0.648644,0.629201,0
0.572719,-0.352718,1.06535e+09
-0.820433,0.542925,0
-0.962586,0.187717,0
0.862065,0.53669,0
0.37294,0.927798,0
1.89379,0.060702,1.06535e+09
0.818098,0.478763,0
-0.971177,0.118922,0
-0.56478,0.837482,0
1.03864,0.087647,0
0.86676,0.36621,0
-0.954349,0.23626,0
1.70792,-0.195284,1.06535e+09
0.049311,0.194763,1.06535e+09
1.84583,-0.08166,1.06535e+09
0.89081,0.591337,0
1.90616,0.031341,1.06535e+09
-0.168706,1.02161,0
-0.90726,0.501884,0
0.303728,0.956927,0
0.387417,-0.213073,1.06535e+09
0.590394,0.81734,0
0.830343,-0.516807,1.06535e+09
0.448827,-0.269509,1.06535e+09
1.92842,0.570578,1.06535e+09
1.99511,0.168272,1.06535e+09
0.25865,0.980644,0
1.92302,0.279892,1.06535e+09
2.07188,0.429283,1.06535e+09
1.75981,-0.128039,1.06535e+09
-0.356146,0.843177,0
0.256163,-0.038031,1.06535e+09
-0.694722,0.640603,0
0.180834,-0.026803,1.06535e+09
1.94949,0.238438,1.06535e+09
-0.694332,0.845151,0
0.074765,0.97372,0
1.9576,0.426963,1.06535e+09
-0.498306,0.895173,0
0.779516,-0.419039,1.06535e+09
0.891325,0.370601,0
1.93493,0.095599,1.06535e+09
-0.842386,0.469774,0
0.688945,0.69583,0
0.379006,1.01377,0
1.01838,0.07045,0
1.0303,0.159406,0
0.85467,0.437257,0
-0.77845,0.639651,0
-0.882992,0.535271,0
-0.853272,0.436561,0
0.821393,-0.397083,1.06535e+09
2.05294,0.223187,1.06535e+09
0.94411,0.25642,0
0.612619,-0.424902,1.06535e+09
-0.01303,1.05227,0
0.123674,0.986095,0
0.451631,0.856837,0
-0.74302,0.732764,0
1.79037,-0.283576,1.06535e+09
-0.694557,0.590688,0
1.59806,-0.386969,1.06535e+09
1.01216,0.093154,0
-0.014548,0.334724,1.06535e+09
-0.885151,0.532679,0
-0.014718,1.00072,0
0.045154,0.332046,1.06535e+09
1.31967,-0.426112,1.06535e+09
0.590129,-0.439246,1.06535e+09
1.47046,-0.456874,1.06535e+09
0.520375,0.729514,0
1.13262,-0.535077,1.06535e+09
-0.558045,0.867756,0
-0.647053,0.809892,0
-0.684553,0.735757,0
0.156163,0.050614,1.06535e+09
-0.040442,0.257091,1.06535e+09
-0.373947,0.886701,0
0.096273,0.978332,0
0.383467,-0.303574,1.06535e+09
0.793741,-0.441942,1.06535e+09
1.78358,-0.11958,1.06535e+09
1.01433,0.217769,0
0.325766,-0.302078,1.06535e+09
1.64008,-0.276455,1.06535e+09
0.013273,0.41018,1.06535e+09
1.9041,0.028366,1.06535e+09
1.68933,-0.195521,1.06535e+09
0.14569,0.033012,1.06535e+09
1.76268,-0.095771,1.06535e+09
-0.808432,0.561944,0
0.384961,-0.298896,1.06535e+09
0.849452,0.610172,0
0.664001,0.689712,0
-0.496785,0.892215,0
0.423276,-0.333826,1.06535e+09
1.98985,0.355099,1.06535e+09
0.943321,0.423854,0
1.13298,-0.444597,1.06535e+09
0.082131,0.969008,0
0.04493,0.498804,1.06535e+09
0.581156,-0.385236,1.06535e+09
2.00213,0.117956,1.06535e+09
0.420797,0.920924,0
-0.125289,0.964772,0
1.33916,-0.484849,1.06535e+09
1.95288,-0.124708,1.06535e+09
0.171052,-0.003363,1.06535e+09
0.894539,-0.491494,1.06535e+09
0.194362,0.872039,0
-0.902849,0.220984,0
1.96281,0.198153,1.06535e+09
-0.001387,1.05432,0
-0.201656,1.04941,0
1.18081,-0.462701,1.06535e+09
-1.02151,0.00675,0
-0.239564,0.950568,0
-0.906113,0.191414,0
0.876049,-0.472954,1.06535e+09
0.299834,-0.04961,1.06535e+09
0.143877,-0.073854,1.06535e+09
0.955822,0.015653,0
0.271988,-0.122427,1.06535e+09
1.99154,0.2243,1.06535e+09
1.56404,-0.314747,1.06535e+09
0.029724,1.04337,0
0.308733,0.949784,0
-0.289436,0.98829,0
1.30191,-0.528042,1.06535e+09
-1.04237,0.105568,0
1.94077,0.026216,1.06535e+09
-0.484212,0.800843,0
0.640716,0.677281,0
-0.876796,0.458655,0
0.699474,-0.504658,1.06535e+09
0.217301,1.04273,0
0.07253,0.352749,1.06535e+09
-0.886843,0.390531,0
0.902082,-0.528152,1.06535e+09
0.808373,0.562799,0
1.11021,-0.592965,1.06535e+09
1.97953,0.172914,1.06535e+09
1.88171,0.162736,1.06535e+09
1.56168,-0.42172,1.06535e+09
0.442761,-0.372543,1.06535e+09
1.54845,-0.354155,1.06535e+09
0.658005,0.693947,0
0.103683,0.064609,1.06535e+09
0.371717,-0.169438,1.06535e+09
0.655449,-0.467448,1.06535e+09
0.19381,-0.145936,1.06535e+09
1.4771,-0.375046,1.06535e+09
-0.822209,0.566741,0
-0.426949,0.901549,0
-0.295758,0.961567,0
0.892034,0.298466,0
0.112475,0.899133,0
1.75625,-0.058007,1.06535e+09
0.649937,-0.425485,1.06535e+09
-1.00188,0.156353,0
0.80154,-0.5279,1.06535e+09
-0.994215,0.126364,0
-0.978647,0.056937,0
0.307945,1.08036,0
0.549514,-0.326346,1.06535e+09
0.838015,-0.534261,1.06535e+09
1.6214,-0.122018,1.06535e+09
0.084113,-0.038291,1.06535e+09
-0.623089,0.757627,0
0.377127,-0.345011,1.06535e+09
0.570561,-0.376419,1.06535e+09
1.95373,0.077648,1.06535e+09
0.479187,-0.387578,1.06535e+09
0.006381,0.147671,1.06535e+09
0.802521,-0.460402,1.06535e+09
1.68189,-0.323688,1.06535e+09
-0.641789,0.687776,0
0.208004,-0.116335,1.06535e+09
1.75014,-0.127809,1.06535e+09
0.200378,1.02247,0
0.142106,-0.158472,1.06535e+09
0.7886,-0.452114,1.06535e+09
0.650251,-0.538915,1.06535e+09
-0.118514,0.977983,0
1.70204,-0.078873,1.06535e+09
0.365874,1.03383,0
0.090245,0.936587,0
0.90826,0.244133,0
1.07495,0.037792,0
0.13313,-0.114716,1.06535e+09
1.17931,-0.506432,1.06535e+09
0.431472,0.830311,0
1.14581,-0.558395,1.06535e+09
1.8203,0.062903,1.06535e+09
0.819514,0.48339,0
0.201616,-0.042822,1.06535e+09
-1.03446,0.194843,0
0.689822,0.791685,0
-0.947599,0.410637,0
0.123744,1.05434,0
-0.116556,0.999038,0
1.44157,-0.355438,1.06535e+09
1.44575,-0.417657,1.06535e+09
-0.459475,0.921115,0
-0.782627,0.746156,0
0.304449,0.899879,0
0.582829,0.815722,0
0.242102,-0.19562,1.06535e+09
-0.08001,0.299447,1.06535e+09
0.827029,0.585349,0
-0.888207,0.449107,0
1.80008,0.001458,1.06535e+09
1.42853,-0.265619,1.06535e+09
0.326065,-0.064,1.06535e+09
0.477867,0.929176,0
-0.547961,0.733846,0
1.17455,-0.456915,1.06535e+09
-0.853744,0.495776,0
1.03616,0.142536,0
0.493301,-0.333835,1.06535e+09
-0.829912,0.582342,0
0.59315,0.829602,0
1.01344,0.128249,0
0.594003,0.925196,0
0.20759,-0.093296,1.06535e+09
0.283856,0.903722,0
0.843533,0.44218,0
0.434128,0.956329,0
1.83829,0.034657,1.06535e+09
0.57975,-0.440704,1.06535e+09
1.73418,-0.246103,1.06535e+09
2.01139,0.384985,1.06535e+09
0.889351,-0.571022,1.06535e+09
-1.06349,0.222898,0
1.02071,-0.426138,1.06535e+09
-0.954679,0.111525,0
0.458763,-0.311533,1.06535e+09
1.42055,-0.431013,1.06535e+09
0.247332,-0.146514,1.06535e+09
-0.668484,0.801926,0
0.132971,0.9393,0
-0.738039,0.488948,0
0.17149,0.91135,0
-0.970941,0.146015,0
0.083711,0.987868,0
-0.813073,0.601459,0
0.115337,0.159335,1.06535e+09
0.700899,-0.405018,1.06535e+09
1.35266,-0.461504,1.06535e+09
0.418484,-0.26471,1.06535e+09
1.40008,-0.399593,1.06535e+09
1.97576,0.409329,1.06535e+09
0.577681,0.763736,0
0.313783,-0.194282,1.06535e+09
1.52262,-0.33533,1.06535e+09
0.996889,-0.489339,1.06535e+09
-0.563483,0.800617,0
0.733277,0.607461,0
0.867594,0.427752,0
-0.641553,0.674138,0
1.73155,-0.187967,1.06535e+09
0.904596,0.201542,0
0.020235,0.240339,1.06535e+09
0.307683,0.969041,0
0.257094,-0.048492,1.06535e+09
0.033746,0.12742,1.06535e+09
-0.902734,0.460615,0
0.042704,0.450454,1.06535e+09
1.37018,-0.421335,1.06535e+09
1.70342,-0.214131,1.06535e+09
1.91744,0.002191,1.06535e+09
-0.884522,0.687933,0
0.194227,-0.057423,1.06535e+09
0.529929,0.864023,0
0.460359,-0.389693,1.06535e+09
-0.182022,1.10746,0
0.224056,0.974162,0
-0.001928,0.422245,1.06535e+09
0.574923,0.789258,0
1.57777,-0.345832,1.06535e+09
0.603362,-0.470424,1.06535e+09
-0.674794,0.689276,0
0.9124,0.190766,0
0.459818,-0.349175,1.06535e+09
0.515961,-0.42334,1.06535e+09
0.039251,0.233178,1.06535e+09
1.21467,-0.458894,1.06535e+09
1.93349,0.351316,1.06535e+09
0.830669,0.619109,0
-0.942888,0.318937,0
0.475519,-0.331889,1.06535e+09
0.719253,0.69435,0
0.625196,-0.449429,1.06535e+09
1.24707,-0.493321,1.06535e+09
0.239649,-0.02663,1.06535e+09
0.975407,0.003901,0
-0.375518,0.941893,0
1.75891,-0.202278,1.06535e+09
0.546985,-0.240427,1.06535e+09
-0.006107,0.332636,1.06535e+09
0.063572,0.098963,1.06535e+09
-0.233448,1.01834,0
0.929327,0.519574,0
1.27156,-0.517655,1.06535e+09
1.68685,-0.28457,1.06535e+09
1.71495,-0.13973,1.06535e+09
1.34115,-0.429177,1.06535e+09
0.901739,-0.510652,1.06535e+09
0.885287,0.558535,0
0.049069,0.07698,1.06535e+09
0.272516,0.937403,0
0.872469,0.518972,0
0.900451,-0.486526,1.06535e+09
0.119496,0.925216,0
1.96141,0.426453,1.06535e+09
0.331424,-0.222526,1.06535e+09
1.48767,-0.316059,1.06535e+09
0.610843,-0.478058,1.06535e+09
0.188012,0.906603,0
0.611776,-0.437108,1.06535e+09
1.05963,-0.416883,1.06535e+09
-0.966884,0.081307,0
0.902299,0.332871,0
-0.263279,0.883294,0
0.05291,0.026395,1.06535e+09
1.93513,0.107635,1.06535e+09
0.474922,0.912103,0
1.74038,0.013634,1.06535e+09
0.05117,0.977247,0
0.862174,0.601648,0
0.794438,0.622358,0
-1.01561,0.294116,0
2.01907,0.487563,1.06535e+09
-0.912768,0.165565,0
1.15172,-0.48608,1.06535e+09
-0.930984,0.402139,0
1.40234,-0.350124,1.06535e+09
0.195588,-0.182845,1.06535e+09
0.536843,-0.382505,1.06535e+09
1.03218,-0.51762,1.06535e+09
-0.035303,1.03619,0
1.09705,-0.461038,1.06535e+09
1.63805,-0.360262,1.06535e+09
1.00044,0.243045,0
0.046433,0.957371,0
0.110888,0.043632,1.06535e+09
0.301897,1.03817,0
0.030386,0.994445,0
0.834879,0.40834,0
0.10505,0.975416,0
-0.949083,0.420646,0
1.85281,0.096461,1.06535e+09
0.938219,0.179658,0
0.91138,0.319023,0
0.671795,0.653124,0
0.638348,0.72165,0
-0.013836,0.514615,1.06535e+09
0.936755,0.550188,0
-0.144893,0.959061,0
0.833853,-0.46359,1.06535e+09
0.876963,0.618123,0
1.04698,-0.471873,1.06535e+09
-0.949537,0.339964,0
1.63847,-0.26917,1.06535e+09
0.744729,0.531982,0
1.87712,-0.050969,1.06535e+09
-0.693061,0.739303,0
0.476246,0.858378,0
1.88153,0.101495,1.06535e+09
-0.681453,0.609847,0
0.127978,-0.09408,1.06535e+09
0.536662,0.790353,0
0.148155,0.951335,0
1.88869,0.157242,1.06535e+09
-0.973212,-0.004534,0
-0.354821,0.981369,0
0.04014,0.442784,1.06535e+09
0.295768,-0.197342,1.06535e+09
0.073862,0.087736,1.06535e+09
1.1202,0.381544,0
0.148428,-0.079611,1.06535e+09
0.24084,-0.170067,1.06535e+09
-0.808728,0.502265,0
-0.990173,0.146767,0
0.972263,-0.479802,1.06535e+09
1.12577,-0.465122,1.06535e+09
-0.910288,0.37655,0
1.91065,0.161922,1.06535e+09
0.881233,0.501561,0
0.115843,-0.033374,1.06535e+09
1.22975,-0.371186,1.06535e+09
-0.278233,0.895075,0
-0.216885,1.03484,0
0.683764,0.667302,0
0.505301,0.791438,0
0.722315,0.60335,0
1.69178,-0.257786,1.06535e+09
0.023977,1.05248,0
-0.275848,0.943853,0
0.40589,0.883164,0
1.55354,-0.459419,1.06535e+09
-0.942972,0.407312,0
2.02279,0.436013,1.06535e+09
1.04821,0.230614,0
1.70844,-0.14035,1.06535e+09
0.121614,0.143142,1.06535e+09
0.80365,0.666311,0
-0.216977,0.985669,0
-0.536588,0.926786,0
-0.013889,1.01177,0
0.933169,0.388851,0
0.292094,0.950714,0
-0.015866,0.218479,1.06535e+09
1.78396,-0.055754,1.06535e+09
1.32744,-0.419794,1.06535e+09
0.095531,-0.116614,1.06535e+09
0.725631,0.822368,0
0.892294,0.545189,0
0.858312,0.386468,0
-0.361695,0.946918,0
0.831832,-0.495627,1.06535e+09
-0.408101,0.883826,0
1.53258,-0.404579,1.06535e+09
1.28252,-0.434882,1.06535e+09
-0.751776,0.645701,0
1.04287,0.064151,0
0.796142,-0.474248,1.06535e+09
-0.240145,0.971699,0
0.376249,-0.277469,1.06535e+09
0.02236,0.963796,0
1.48071,-0.335313,1.06535e+09
0.01965,0.340123,1.06535e+09
0.982173,0.091906,0
0.304476,-0.250953,1.06535e+09
-0.884089,-0.034951,0
1.88534,-0.178895,1.06535e+09
-0.365249,1.03456,0
-0.097062,0.966766,0
-0.097324,0.236455,1.06535e+09
0.573033,0.623332,0
0.714065,-0.367048,1.06535e+09
0.929493,0.268599,0
2.00143,0.487659,1.06535e+09
-0.926164,0.34934,0
0.51759,-0.459087,1.06535e+09
2.01357,0.264774,1.06535e+09
1.27406,-0.494987,1.06535e+09
-0.637902,0.64185,0
