0.795898 -1.197145 1.000000
0.794749 1.173640 0.000000
-0.213685 0.524093 0.000000
-1.349621 0.556302 0.000000
-0.864008 0.995880 0.000000
1.903073 0.363062 1.000000
0.457982 0.640204 0.000000
-0.002637 0.292141 0.000000
1.755344 0.159172 1.000000
0.826233 -0.534704 1.000000
0.315477 0.500891 0.000000
0.137056 -0.309576 1.000000
1.314595 0.230658 1.000000
-1.404305 0.535015 0.000000
-1.063728 0.747763 0.000000
-1.026564 0.346081 0.000000
-0.071559 1.385195 0.000000
0.272137 0.615935 0.000000
1.667364 -0.368867 1.000000
-0.031833 0.987390 0.000000
1.744975 -0.026694 1.000000
0.492115 -0.103456 1.000000
1.108041 -0.624849 1.000000
-0.227319 0.177192 1.000000
1.909307 0.488440 1.000000
-0.938874 0.260022 0.000000
1.704904 -0.321977 1.000000
1.893624 0.744741 0.000000
-0.244033 0.706718 0.000000
0.324125 -0.338720 1.000000
1.662244 0.614325 0.000000
0.981539 1.153071 0.000000
-0.378208 1.061723 0.000000
-0.022668 0.474724 1.000000
0.960654 0.664672 0.000000
-0.721747 0.646832 0.000000
1.334215 1.000134 0.000000
-0.391396 0.796593 1.000000
-0.138103 0.610418 0.000000
0.145880 -0.096245 1.000000
1.299692 0.496700 0.000000
2.470212 0.455728 1.000000
-0.196884 0.709314 0.000000
1.778478 -0.787388 1.000000
1.090623 0.340248 0.000000
0.609915 0.164708 0.000000
0.458315 0.753803 0.000000
-0.070170 -0.044283 1.000000
0.390206 -0.978584 1.000000
-1.308221 -0.282313 0.000000
-0.907704 -0.076562 0.000000
1.481588 -0.843251 1.000000
-0.056370 0.487322 0.000000
-1.270122 0.369228 0.000000
1.456729 -0.362613 1.000000
-0.958023 -0.009052 0.000000
0.628073 1.231360 0.000000
0.702263 -0.224699 1.000000
1.335773 0.546425 1.000000
0.676385 -0.254009 0.000000
-1.184022 0.668612 0.000000
0.739176 0.866270 0.000000
-0.248489 0.843038 0.000000
0.451789 0.262779 1.000000
1.902127 -0.220348 1.000000
-0.007194 0.434602 1.000000
0.129419 0.969485 0.000000
1.437674 -0.624038 1.000000
0.908589 0.447757 0.000000
-0.371573 0.787590 0.000000
0.302257 0.166480 1.000000
-0.735976 0.915006 0.000000
-0.538924 0.733103 0.000000
-0.098421 0.061750 1.000000
1.867612 -0.322404 1.000000
1.565837 -0.397925 1.000000
-0.461030 0.686163 0.000000
1.506056 -0.196096 1.000000
0.087326 0.558339 1.000000
1.766194 -0.307622 1.000000
1.895936 0.054110 1.000000
1.949106 -0.090283 1.000000
1.172971 -0.659438 1.000000
0.566868 0.412206 0.000000
1.160476 0.006224 0.000000
1.456280 -0.463900 1.000000
0.411937 0.661943 0.000000
-0.029434 1.382811 0.000000
-0.354006 0.381828 0.000000
0.274815 0.739988 1.000000
2.357285 0.013726 1.000000
-1.577756 0.296981 0.000000
0.791415 0.286531 0.000000
0.181090 0.345696 1.000000
0.857735 0.595210 0.000000
2.337993 -0.218456 1.000000
-0.139027 -0.125342 1.000000
-0.058655 -0.148835 1.000000
-0.025862 -0.450907 1.000000
-0.832467 -0.725169 0.000000
-0.458115 0.757866 0.000000
1.153301 0.225943 0.000000
1.733432 0.614378 1.000000
-1.293551 0.093364 0.000000
0.333129 1.164981 0.000000
1.019388 0.768041 0.000000
1.502065 -0.282017 1.000000
0.035377 -0.693459 1.000000
1.232901 -0.236285 1.000000
1.158143 -0.487456 1.000000
-0.070215 1.589548 0.000000
-1.311584 -0.085563 0.000000
0.341927 0.040105 0.000000
0.491203 0.274263 1.000000
0.619945 -0.495346 1.000000
1.035696 -0.804459 1.000000
1.265205 -0.433338 1.000000
1.251122 -0.710083 1.000000
-0.649921 0.826084 0.000000
0.600175 -0.619757 1.000000
0.206804 0.481387 0.000000
-0.450866 0.332657 0.000000
-1.007724 1.493629 0.000000
0.974068 -0.426812 1.000000
1.980762 -0.237945 1.000000
1.633346 0.072615 1.000000
1.480931 0.173659 1.000000
-0.594034 1.089887 0.000000
0.753545 0.467168 0.000000
0.758191 -0.297422 1.000000
0.079897 0.761589 0.000000
1.909889 -0.156361 1.000000
0.317429 -0.671152 1.000000
1.675024 0.126427 1.000000
1.024994 -0.418019 1.000000
-0.249948 0.503665 0.000000
1.739960 -0.070580 1.000000
1.280625 0.084759 0.000000
-0.424655 0.161798 0.000000
2.160524 0.121776 1.000000
-0.884253 0.374706 0.000000
-0.694504 0.063971 0.000000
-0.769157 -0.023994 0.000000
-0.006868 -0.046406 1.000000
0.466969 -0.046657 1.000000
-0.400277 0.477908 1.000000
0.787830 -0.617260 1.000000
-0.369144 0.726002 0.000000
0.049978 0.255262 1.000000
0.613590 0.079112 0.000000
-0.831517 0.505039 0.000000
-0.055326 -0.713713 1.000000
-0.048194 0.031118 1.000000
-1.301239 0.547620 0.000000
0.837907 0.128103 1.000000
1.694066 0.251895 1.000000
1.764681 -0.995378 1.000000
0.732006 -0.791335 1.000000
0.567492 0.488891 0.000000
1.685941 -0.529995 1.000000
-0.524913 1.420466 0.000000
0.722001 -0.017352 1.000000
0.828235 -0.050026 1.000000
0.744996 0.470542 0.000000
0.937568 -0.679368 1.000000
0.761560 -0.186642 1.000000
-0.171682 0.019979 1.000000
0.293019 1.081478 0.000000
1.607312 0.086915 1.000000
0.757697 -0.502338 1.000000
1.157506 0.328959 1.000000
0.659446 0.717964 0.000000
0.571223 0.077938 0.000000
1.050615 -0.294762 1.000000
2.135174 -0.116396 1.000000
0.407333 0.584318 0.000000
-0.238848 -0.581044 1.000000
2.353813 0.318296 1.000000
1.906910 -0.099240 1.000000
-0.721612 0.739013 0.000000
1.670295 -0.013211 1.000000
1.228796 -0.604340 1.000000
0.568657 1.159543 0.000000
0.338786 -0.307940 1.000000
-0.235803 1.029748 0.000000
1.573045 1.116010 0.000000
-0.429467 -0.380534 1.000000
0.138942 -0.060372 1.000000
1.978574 -0.031478 1.000000
-0.100031 1.177206 0.000000
2.294940 0.373217 1.000000
1.150037 0.178005 0.000000
-0.521165 0.883008 0.000000
-0.678419 0.362865 0.000000
1.981994 -0.025573 1.000000
-0.016535 0.886687 1.000000
1.169525 -0.646994 1.000000
0.988753 -0.765320 1.000000
2.144994 0.467880 1.000000
1.114444 0.439902 0.000000
0.842107 0.510630 0.000000
1.758101 0.225854 1.000000
1.253325 -0.227164 0.000000
-0.921898 0.576733 0.000000
1.460357 0.007323 1.000000
-1.222469 -0.216041 0.000000
0.488918 1.190737 0.000000
-0.214514 0.362434 0.000000
1.745165 -0.371773 1.000000
-1.255887 -0.628414 0.000000
-1.406537 0.989588 0.000000
-0.051792 0.449086 1.000000
1.630795 0.157262 1.000000
0.158212 0.062931 1.000000
1.584849 0.723704 1.000000
0.348522 -0.141839 1.000000
-0.831628 0.757144 0.000000
0.955110 -0.280238 1.000000
0.381974 0.797017 0.000000
-0.388530 1.033908 0.000000
1.500009 0.041002 0.000000
-0.653891 0.943121 0.000000
1.184928 0.538559 0.000000
-0.846347 0.289276 0.000000
0.971187 0.442623 0.000000
0.661603 -0.831774 1.000000
2.063354 -0.025262 1.000000
0.725679 -0.520211 1.000000
0.203349 1.136635 0.000000
-1.224027 0.303120 0.000000
1.616889 -0.005606 1.000000
-0.360117 0.481161 1.000000
-1.364640 0.328212 0.000000
-0.910585 0.923900 0.000000
1.284747 -0.213229 1.000000
0.197381 0.649961 0.000000
-1.291970 -0.071781 0.000000
0.132213 0.388586 1.000000
0.696435 -0.346528 0.000000
-1.013600 0.875695 0.000000
2.006868 0.307810 1.000000
-0.355872 1.230583 0.000000
-1.140647 0.949533 0.000000
-0.058028 0.585655 1.000000
2.292662 0.037787 1.000000
2.560397 0.179012 1.000000
0.493810 0.316638 1.000000
0.942855 -0.232991 0.000000
-1.146376 -0.360904 0.000000
1.661280 -0.569247 1.000000
-0.096060 0.842279 0.000000
-0.251962 0.551531 0.000000
0.265270 0.561440 1.000000
2.328036 -0.530223 1.000000
0.285744 0.692562 0.000000
2.189201 0.318821 1.000000
-1.056235 0.334050 0.000000
-0.142562 1.096596 0.000000
1.151384 -0.144443 0.000000
0.930202 -0.490640 0.000000
1.549073 -0.238751 1.000000
-0.050989 0.286254 1.000000
0.502494 -0.284178 1.000000
0.297360 1.100643 0.000000
1.657387 0.326134 1.000000
-0.207146 0.877504 0.000000
-0.101366 0.651577 1.000000
-0.244881 0.877928 0.000000
1.330392 -0.104308 1.000000
-1.317387 0.258270 0.000000
-0.218235 0.386424 1.000000
0.620938 0.771001 0.000000
0.920125 -0.830646 1.000000
1.752572 0.255828 1.000000
2.022658 -0.020969 1.000000
0.584392 -0.648952 1.000000
-0.583381 0.669825 0.000000
-0.286131 0.672195 0.000000
0.800928 -0.418353 1.000000
1.326584 -0.390585 1.000000
1.326716 0.918456 0.000000
0.125312 0.809493 0.000000
-0.614465 0.707792 1.000000
0.680249 0.282337 0.000000
-0.769120 1.017048 0.000000
1.499529 -0.547575 1.000000
1.365462 -0.361952 1.000000
0.517316 0.112722 1.000000
0.711540 0.730172 0.000000
1.404861 -0.633521 1.000000
0.807944 -0.594688 1.000000
0.684511 -0.205256 1.000000
1.560260 0.343073 1.000000
-0.237532 1.338630 0.000000
-0.684171 0.609415 0.000000
0.902791 1.192134 0.000000
-0.635299 0.434108 0.000000
1.069016 -0.312798 1.000000
2.060027 -0.013893 1.000000
-0.239168 0.156695 1.000000
0.500346 -0.331625 1.000000
0.019007 0.415149 1.000000
-0.027513 -0.511254 1.000000
0.381590 0.163776 1.000000
0.856643 0.305091 0.000000
-1.340767 0.095383 0.000000
-1.033374 0.090774 0.000000
-1.093993 0.174558 0.000000
0.364032 1.276382 0.000000
1.292740 0.068829 0.000000
-0.355210 0.553487 1.000000
1.320195 0.655657 0.000000
2.026473 -0.210964 1.000000
-0.662866 0.338522 0.000000
1.889353 -0.068335 1.000000
-0.567121 -0.423372 1.000000
1.022862 -0.418684 1.000000
-0.888319 0.114283 0.000000
0.207015 -0.113057 1.000000
-0.810674 0.533880 0.000000
-0.546134 0.588275 0.000000
1.929681 -0.210526 1.000000
-0.039589 0.153755 1.000000
-0.068201 0.204817 1.000000
-0.106226 0.894658 0.000000
1.283738 -0.225330 0.000000
-0.036693 0.205516 1.000000
-0.083737 0.658363 1.000000
-0.141418 -0.120271 1.000000
0.611843 0.898189 0.000000
1.120840 -0.307803 1.000000
-0.014256 -0.591692 1.000000
0.151525 -0.060153 1.000000
0.312360 0.897238 0.000000
1.555270 -0.404806 1.000000
1.087866 -0.741721 1.000000
0.502619 -0.437649 1.000000
1.579298 -0.442072 1.000000
0.947809 0.621087 0.000000
1.763190 -0.020272 1.000000
2.198043 0.165600 1.000000
0.472572 0.133182 1.000000
0.536420 -0.169336 1.000000
-0.343338 0.723882 0.000000
0.663259 -0.086130 1.000000
-1.284398 0.302768 0.000000
-0.740361 0.315773 0.000000
1.306035 -0.395472 1.000000
1.032700 -0.750655 1.000000
1.094731 0.137671 0.000000
0.635405 1.038258 0.000000
0.621227 1.080975 0.000000
0.718969 -0.692925 1.000000
-0.182236 0.681437 1.000000
-0.931493 0.689214 0.000000
0.404391 -0.108594 1.000000
-0.603592 0.105406 0.000000
0.306802 1.123379 0.000000
1.044725 -1.209444 1.000000
1.973442 -0.097614 1.000000
1.352445 -0.000414 1.000000
0.633430 1.086136 0.000000
0.039541 0.165432 1.000000
0.878570 0.621367 0.000000
-0.466551 0.713662 0.000000
0.972782 0.448474 0.000000
-1.099073 -0.044821 0.000000
1.563558 -0.940215 1.000000
0.075370 1.259327 0.000000
-1.138882 1.376949 0.000000
-0.086651 0.200461 1.000000
0.380324 0.284666 1.000000
1.446926 0.650918 0.000000
0.509056 -0.128800 1.000000
0.508728 1.087938 0.000000
-0.731826 0.089673 0.000000
0.746280 0.675426 0.000000
2.407365 0.704086 1.000000
-1.055798 0.847168 0.000000
-1.338968 0.765240 0.000000
0.185188 -0.580855 1.000000
-1.291155 0.317652 0.000000
-0.235432 0.641505 0.000000
0.749367 0.641953 0.000000
2.223794 0.182337 1.000000
1.884347 -0.725863 1.000000
-0.234601 1.155067 0.000000
1.549198 -0.742290 1.000000
-0.089273 1.094270 0.000000
1.148354 0.853020 0.000000
0.644290 1.074955 0.000000
-0.074077 0.035128 1.000000
0.205679 -0.251798 1.000000
1.762871 0.143820 1.000000
-0.249591 0.123489 1.000000
1.089823 -0.357732 1.000000
1.497652 -0.893110 1.000000
1.013843 -0.147453 1.000000
0.456318 0.481817 1.000000
1.624971 -0.212419 1.000000
-0.524747 0.754979 0.000000
0.303529 0.536635 1.000000
1.569472 0.054315 1.000000
-0.286919 1.155143 0.000000
0.234535 1.174246 0.000000
0.787940 0.082009 0.000000
1.546681 -0.069944 1.000000
0.514310 -0.125969 1.000000
0.162181 0.145558 1.000000
2.311369 -0.015458 1.000000
0.929876 1.180194 0.000000
-0.429127 0.502261 1.000000
-0.982795 0.596232 0.000000
0.001511 0.710002 0.000000
2.067901 -0.226544 1.000000
-0.626330 0.513284 0.000000
0.830861 -0.229485 0.000000
0.682916 -0.301057 1.000000
1.204610 -0.273130 1.000000
-0.167038 -0.099131 1.000000
0.681129 -0.248991 0.000000
1.294752 -0.505752 1.000000
0.343664 -0.327245 1.000000
1.776150 0.957105 1.000000
0.094625 -0.568747 1.000000
0.331138 1.137100 0.000000
0.817368 -0.197976 1.000000
-0.668502 1.028893 0.000000
0.344694 1.028573 0.000000
0.815827 0.260399 0.000000
0.559110 -0.735264 1.000000
1.054609 -0.239707 1.000000
-0.894593 0.051269 0.000000
-0.201755 -0.006055 1.000000
0.424832 0.836812 0.000000
0.451523 0.391325 0.000000
-1.230198 0.539954 0.000000
0.735247 -0.196705 1.000000
1.720894 0.240011 1.000000
0.078309 0.961669 1.000000
1.985589 -0.522175 1.000000
0.555522 1.295578 0.000000
0.073993 0.506702 0.000000
0.335006 0.087820 1.000000
-0.209629 -0.080793 1.000000
-0.729200 1.366115 0.000000
-0.988130 1.067749 0.000000
-0.723538 0.288718 0.000000
0.034134 0.943047 0.000000
0.901384 0.979114 0.000000
0.278456 1.557294 0.000000
0.248581 0.068166 1.000000
-0.245683 0.981241 0.000000
1.102871 -0.410736 1.000000
0.738619 -0.787910 1.000000
0.157521 0.806118 0.000000
-0.062921 1.123355 0.000000
0.692900 -0.388903 1.000000
0.275402 1.246100 0.000000
0.678910 -0.605915 1.000000
0.687335 -0.087611 1.000000
-0.572962 1.267862 0.000000
1.209217 0.174211 0.000000
-0.547895 0.631112 0.000000
0.537590 -0.380697 1.000000
0.384766 0.070487 1.000000
1.436066 0.693236 1.000000
1.019787 0.330459 0.000000
0.496563 0.082798 1.000000
1.271800 -0.294417 1.000000
1.614110 -0.280650 1.000000
2.480585 -0.005323 1.000000
0.092832 0.832097 0.000000
2.395736 0.228123 1.000000
-0.938606 0.626340 0.000000
2.094461 -0.009557 1.000000
1.290964 -0.257375 0.000000
-1.075039 0.763641 0.000000
1.208989 -0.313254 1.000000
0.137811 -0.320813 1.000000
2.011547 -0.221043 1.000000
1.377703 -0.042122 0.000000
0.330889 0.798246 0.000000
1.473461 -0.962722 1.000000
0.797002 -0.130867 1.000000
1.973828 -0.470550 1.000000
0.938937 0.361571 0.000000
0.854844 1.565335 0.000000
1.160212 -0.060623 1.000000
0.679829 0.529448 0.000000
1.622102 0.353102 1.000000
2.390063 -0.467292 1.000000
1.497084 -0.444565 1.000000
1.470284 -0.323014 1.000000
1.267443 -0.597235 1.000000
-0.613601 1.037680 0.000000
0.811073 0.148274 0.000000
0.379655 -0.784658 1.000000
-0.019132 0.596167 0.000000
1.933826 -0.340482 1.000000
-0.083497 0.958078 0.000000
0.801830 0.416704 0.000000
-0.923358 0.892254 0.000000
0.164919 -0.064301 1.000000
1.010347 1.176169 0.000000
0.117468 0.155898 1.000000
1.979716 -0.014378 1.000000
0.523001 -0.841733 1.000000
0.746018 1.258864 0.000000
0.720901 0.873513 0.000000
-0.933760 0.637304 0.000000
-0.735070 0.690534 0.000000
1.187608 -0.568412 1.000000
1.831307 0.367824 1.000000
1.734026 -0.300379 1.000000
1.741061 0.042743 1.000000
0.885735 0.399512 0.000000
-0.714987 0.499290 0.000000
0.362097 -0.276603 1.000000
0.804957 -0.535685 1.000000
0.288231 -0.476031 1.000000
-0.110253 1.073628 0.000000
0.238031 -0.425159 1.000000
-0.352947 1.211134 0.000000
-0.063026 0.646843 0.000000
0.470397 1.035637 0.000000
0.282164 0.761268 0.000000
-1.060683 1.482598 0.000000
0.984448 0.433999 0.000000
1.681727 -0.815129 1.000000
-0.158267 0.073449 1.000000
1.939323 -0.378769 1.000000
1.547961 0.070580 1.000000
-0.263348 0.590245 1.000000
0.620721 0.036081 1.000000
1.718870 0.403768 1.000000
1.980428 -0.046940 1.000000
-0.100399 -0.466335 1.000000
1.140216 -0.474062 1.000000
-1.319611 0.207690 0.000000
-0.026304 1.254153 0.000000
-0.684210 0.926694 0.000000
2.376469 0.445323 1.000000
-0.124586 0.145630 1.000000
-0.082359 0.804748 0.000000
1.722493 -0.225377 1.000000
1.044777 -0.035967 1.000000
1.911189 0.359158 1.000000
0.794639 -0.313293 1.000000
0.590282 1.613694 0.000000
0.786713 -0.664534 1.000000
1.324153 -0.364495 1.000000
0.317897 0.850060 0.000000
1.325561 -0.880305 1.000000
1.109252 -0.793294 1.000000
0.407721 -0.077801 1.000000
-1.000864 0.919180 0.000000
-0.141968 0.661237 1.000000
0.493126 1.074380 0.000000
0.277637 0.222161 0.000000
0.799036 -0.234055 1.000000
1.436796 -0.575990 1.000000
0.753512 -0.154985 1.000000
-0.151101 0.679224 0.000000
2.144464 0.061625 1.000000
-1.211156 0.493289 0.000000
-1.157576 0.469262 0.000000
-1.726772 0.081121 0.000000
1.225532 -0.450212 1.000000
1.886958 -0.011014 1.000000
0.497099 -0.051415 1.000000
-0.104940 1.000494 0.000000
0.436274 1.036908 0.000000
-0.715606 0.594350 0.000000
-0.671217 0.852682 0.000000
0.764403 0.469015 0.000000
0.801524 -0.555330 1.000000
1.500401 0.215449 1.000000
0.582123 0.621659 0.000000
0.919857 -0.070412 1.000000
1.144292 -0.381870 1.000000
0.869745 0.492077 0.000000
1.769011 0.142750 1.000000
0.894045 -0.167710 0.000000
0.464935 0.843522 0.000000
0.147480 0.138394 0.000000
-0.409731 0.431759 0.000000
0.359050 0.896453 0.000000
0.362809 0.097367 1.000000
-0.472845 0.564085 0.000000
-0.575818 1.171298 0.000000
0.013393 -0.238710 1.000000
0.591809 -0.997502 1.000000
1.598051 -0.089486 1.000000
1.019964 0.402468 0.000000
1.190519 -0.563806 1.000000
1.929897 -0.684099 1.000000
0.125608 -0.331536 1.000000
-0.479827 1.049410 0.000000
1.564832 -0.495382 1.000000
-0.053240 0.879044 0.000000
1.881854 0.158204 1.000000
0.013535 0.403997 0.000000
-0.294002 0.673101 0.000000
0.677103 -0.108015 1.000000
0.575525 0.215788 0.000000
-0.558887 1.086131 0.000000
0.227577 0.151143 1.000000
0.355785 1.284518 0.000000
-1.004864 0.823909 0.000000
-0.478862 0.809922 0.000000
-1.009507 0.547996 0.000000
1.140675 -0.205492 1.000000
1.097998 0.178097 0.000000
-0.259413 1.505679 0.000000
-0.669556 0.191831 0.000000
-0.225562 -0.442143 1.000000
-0.458243 1.051378 0.000000
1.514549 -0.093471 1.000000
2.248005 0.603979 1.000000
1.772100 -0.492629 1.000000
1.447981 -0.338530 1.000000
2.128065 -0.358668 1.000000
0.163038 -0.239866 1.000000
0.469625 0.844566 0.000000
0.970070 0.928300 0.000000
-0.043796 0.008990 1.000000
1.462351 0.276554 1.000000
0.511892 0.797469 0.000000
-0.412036 0.643029 0.000000
1.182555 -0.808641 1.000000
-0.095715 0.633287 0.000000
1.198428 0.494908 0.000000
0.805708 0.373737 0.000000
0.211375 1.194426 0.000000
0.097967 1.372099 0.000000
0.783229 0.919781 0.000000
1.029869 0.561672 0.000000
-0.391588 0.389555 0.000000
-0.542685 0.785634 0.000000
-0.181204 0.288465 1.000000
1.567041 -0.329936 1.000000
1.939431 0.273511 1.000000
-1.050828 -0.348649 0.000000
1.667004 0.441263 1.000000
0.931674 0.093531 0.000000
0.367113 0.625450 0.000000
0.640021 0.600286 0.000000
1.774819 0.062232 1.000000
-0.739852 0.484639 0.000000
-1.113138 0.310365 0.000000
0.653079 -0.839497 1.000000
2.288306 0.333197 1.000000
1.228588 0.377730 0.000000
-1.242387 -0.054904 0.000000
1.078514 -0.453871 1.000000
1.706781 -0.258718 1.000000
0.251330 1.064299 0.000000
0.923685 -0.601792 1.000000
1.029180 -0.320415 1.000000
1.802148 -0.741395 1.000000
1.527361 -0.262792 1.000000
1.945121 -0.074030 1.000000
0.505104 -0.327345 1.000000
0.123755 0.511868 0.000000
0.251290 0.121880 1.000000
-0.285122 0.374647 1.000000
0.222831 0.249032 1.000000
0.376769 0.064354 1.000000
0.295972 1.167507 0.000000
2.323766 0.726161 1.000000
-0.262854 0.518656 1.000000
0.193999 0.155234 1.000000
1.290640 -0.367791 1.000000
1.748419 -0.476550 1.000000
0.090866 -0.342064 1.000000
-0.001209 1.429691 0.000000
1.441557 0.709913 0.000000
0.638764 0.287364 1.000000
1.042700 -0.175804 1.000000
-1.034795 1.146264 0.000000
0.382979 0.447136 1.000000
1.393080 1.005154 0.000000
-0.527127 0.699451 0.000000
0.716416 0.735848 0.000000
-0.229237 0.619031 0.000000
2.002979 -0.052909 1.000000
-1.038920 0.470406 0.000000
2.032321 0.043725 1.000000
-0.061319 0.737197 0.000000
0.485229 1.057644 0.000000
0.476396 0.209935 1.000000
1.636135 -0.352295 1.000000
0.262230 0.258068 1.000000
-1.016484 0.153093 0.000000
1.505291 0.092328 0.000000
-0.124506 -0.578866 1.000000
-0.133360 0.053965 1.000000
-0.065654 -0.355048 1.000000
-0.763696 1.184881 0.000000
1.046803 0.630004 0.000000
-0.066540 0.235645 1.000000
1.948637 -0.536791 1.000000
-1.096674 0.824691 0.000000
0.454487 0.226292 1.000000
-0.379283 -0.115065 1.000000
-0.896491 0.662002 0.000000
2.237901 -0.454109 1.000000
2.008441 0.037395 1.000000
2.106492 -0.147713 1.000000
0.296838 0.906457 0.000000
-0.831437 0.408762 0.000000
1.464300 -0.084394 1.000000
0.754349 -0.662289 1.000000
1.576611 0.110547 0.000000
0.176440 1.112535 0.000000
0.816178 0.091358 0.000000
2.504539 -0.156394 1.000000
0.389536 -0.601450 1.000000
-0.098137 0.830247 0.000000
2.292331 0.246319 1.000000
1.759142 -0.061427 1.000000
2.102950 0.567009 1.000000
0.166390 0.541612 1.000000
0.474647 -0.207953 1.000000
-1.463450 0.271791 0.000000
0.372089 0.384351 1.000000
0.716954 0.650252 0.000000
-0.571948 1.252409 0.000000
0.097354 -0.014458 1.000000
0.776117 0.577586 0.000000
0.256880 1.222203 0.000000
1.001847 0.149508 0.000000
1.387096 -0.504530 1.000000
-0.840884 0.490741 0.000000
0.444019 -0.770549 1.000000
-0.376572 1.159033 0.000000
-0.283692 1.001910 0.000000
0.655539 -1.125671 1.000000
-1.004698 0.229101 0.000000
-0.039593 1.405555 0.000000
1.347808 -1.132649 1.000000
0.925767 -0.230926 1.000000
0.675223 0.185889 0.000000
-0.778773 1.003087 0.000000
0.291115 -0.472881 1.000000
-0.390042 1.250388 0.000000
-0.019514 0.586595 1.000000
0.540786 0.738254 0.000000
0.761990 0.861378 0.000000
0.888446 -0.455402 1.000000
1.040266 -0.044602 0.000000
1.304720 -0.319989 1.000000
0.668549 0.061737 0.000000
-0.349029 1.435702 0.000000
-0.015968 0.434693 1.000000
1.211177 -0.677361 1.000000
0.480405 -0.756678 1.000000
0.104787 0.673083 0.000000
0.690961 -0.870090 1.000000
-0.459732 0.047121 0.000000
2.371244 0.491063 1.000000
-0.010007 -0.224521 1.000000
0.438961 1.143554 0.000000
-0.414895 0.455070 0.000000
1.248161 -0.326421 1.000000
-0.606703 1.038987 0.000000
1.066178 -0.996276 1.000000
-0.036947 0.296010 1.000000
0.069981 0.620127 0.000000
2.177417 0.633819 1.000000
0.515379 1.022468 0.000000
-1.445026 0.218029 0.000000
1.310183 0.480805 0.000000
0.275952 -0.810947 1.000000
0.753764 -0.616934 1.000000
0.640598 0.393589 0.000000
-0.211632 0.394727 1.000000
0.343006 0.252093 0.000000
1.218253 -0.634176 1.000000
1.931924 -0.096742 1.000000
0.269743 -0.399673 1.000000
0.143828 1.424727 0.000000
1.576830 0.302866 0.000000
-0.249297 0.095814 1.000000
0.930639 0.314509 0.000000
0.821448 0.235692 0.000000
-1.165657 1.034078 0.000000
0.803587 -1.131395 1.000000
0.023888 1.628928 0.000000
-1.219801 0.818779 0.000000
0.603465 -0.563930 1.000000
0.621786 -0.203813 1.000000
0.006932 1.308254 0.000000
2.052838 0.925367 1.000000
1.327887 -0.597171 1.000000
-0.367866 1.258242 0.000000
-0.247174 -0.431954 1.000000
-0.325468 -0.089524 1.000000
0.483329 -0.041447 1.000000
0.616550 1.292253 0.000000
2.132090 0.274167 1.000000
-0.457850 0.731568 0.000000
-1.033948 -0.222427 0.000000
-1.122242 0.405196 0.000000
2.729402 -0.181662 1.000000
-0.014700 0.730694 0.000000
0.859584 0.598574 0.000000
0.950871 -0.162711 1.000000
1.625029 -0.243475 1.000000
0.289983 1.409471 0.000000
-1.127354 0.301238 0.000000
-0.763100 0.567485 0.000000
0.884476 0.205527 1.000000
1.147292 0.302728 0.000000
0.879982 -0.386975 1.000000
0.262664 -0.396118 1.000000
0.681725 0.356858 0.000000
0.478082 0.363380 0.000000
0.693121 0.211963 0.000000
0.836135 -0.581318 0.000000
0.319489 0.250670 1.000000
-0.878726 0.552056 0.000000
0.426288 -0.265890 1.000000
-0.950863 0.057695 0.000000
0.750062 0.306511 0.000000
-0.200171 -0.248005 1.000000
0.008484 1.443190 0.000000
-1.361770 0.099862 0.000000
-0.006033 0.052575 1.000000
-0.715910 1.419883 0.000000
-0.100523 -0.372501 1.000000
0.534478 -0.369825 1.000000
0.538912 0.806956 0.000000
-0.047511 1.241579 0.000000
-1.099379 -0.190927 0.000000
0.202504 0.928951 0.000000
0.372217 -0.336706 1.000000
0.853430 0.545261 0.000000
-0.975579 0.718178 0.000000
0.308599 0.991827 0.000000
1.401782 -0.761585 1.000000
0.689748 0.197783 1.000000
-0.160409 0.106810 1.000000
-0.764872 0.756038 0.000000
1.092330 0.166058 0.000000
-0.518675 0.591541 0.000000
0.244159 0.679066 0.000000
2.575026 0.546196 1.000000
-0.003946 0.956463 0.000000
0.535457 -0.681032 1.000000
-0.668485 0.920469 0.000000
1.264479 -0.112390 1.000000
-0.581158 0.859155 0.000000
0.620520 -0.288244 1.000000
0.968994 -0.112192 0.000000
-1.466198 0.023263 0.000000
0.346290 0.454549 1.000000
0.351205 0.947279 0.000000
0.151750 1.253073 0.000000
1.910111 0.247286 1.000000
2.431671 0.261776 1.000000
2.127111 -0.002234 1.000000
1.567177 0.298712 0.000000
-0.569152 0.555715 0.000000
0.739894 -0.156691 1.000000
0.146875 0.272632 1.000000
-0.844265 0.403525 0.000000
2.304674 -0.201703 1.000000
1.934833 0.438719 1.000000
-0.207927 0.499170 1.000000
-0.597320 0.871196 0.000000
0.664922 1.316815 0.000000
1.922466 0.098526 1.000000
1.282166 0.366551 0.000000
0.648902 1.004496 0.000000
-1.497816 0.871799 0.000000
-1.038321 0.654244 0.000000
0.234186 0.117579 1.000000
-0.845471 0.347755 0.000000
0.945151 0.098650 0.000000
0.826910 -0.619422 1.000000
0.045467 0.338781 1.000000
0.556259 0.217095 1.000000
0.109309 0.706942 0.000000
-0.772579 0.761950 0.000000
0.196547 0.187454 1.000000
-0.042012 1.242280 0.000000
0.076127 0.830783 0.000000
1.118410 -0.701909 1.000000
-1.410518 0.589730 0.000000
-0.751880 0.066034 0.000000
1.019159 -0.099464 1.000000
1.089305 -0.219723 1.000000
0.870254 -0.390068 1.000000
-0.026606 1.044172 0.000000
-0.098034 0.869915 0.000000
1.038183 0.360208 0.000000
0.772166 0.944093 0.000000
0.094458 1.021566 0.000000
1.271995 -0.424982 1.000000
-0.525676 0.620960 0.000000
-0.396884 0.264821 0.000000
-0.109316 0.656273 0.000000
0.140892 0.004138 1.000000
2.029784 0.164142 1.000000
1.130270 -0.757024 1.000000
0.319141 0.370847 0.000000
0.712829 0.952732 0.000000
0.810859 0.448668 0.000000
0.281861 0.342005 1.000000
0.672766 -0.168148 1.000000
0.262944 -0.001192 1.000000
-0.307129 0.807776 0.000000
1.725862 0.347847 1.000000
1.804729 0.074145 1.000000
0.911160 -0.603256 1.000000
-0.633372 0.537761 0.000000
0.430526 0.306702 1.000000
-0.882326 0.908928 0.000000
0.488082 1.137857 0.000000
0.497868 0.828844 0.000000
0.374002 0.073261 1.000000
0.144717 -0.111227 1.000000
-0.408615 0.803312 0.000000
0.047978 -0.609193 1.000000
-0.443532 0.283371 1.000000
0.176639 1.164841 0.000000
-1.167641 0.346027 0.000000
0.224726 -0.416040 1.000000
-0.737685 0.981209 0.000000
-1.310295 0.785341 0.000000
-1.346148 0.328261 0.000000
-0.890809 1.622385 0.000000
1.766468 0.213600 1.000000
0.938703 0.421400 0.000000
0.688367 0.667241 0.000000
0.884656 -0.478198 1.000000
2.189276 0.311439 1.000000
0.179561 0.314520 0.000000
-1.229203 0.157041 0.000000
0.284313 -0.272308 1.000000
0.785768 0.050666 0.000000
0.194719 -0.491985 1.000000
-0.135546 1.340590 0.000000
0.253276 -0.182724 1.000000
1.132391 -1.057592 1.000000
1.373764 -0.030360 1.000000
0.470504 -0.187538 1.000000
0.010824 -0.498001 1.000000
-0.133253 0.199614 1.000000
-0.890016 0.760128 0.000000
1.875596 1.038496 1.000000
0.266175 0.791018 0.000000
0.094369 0.565786 0.000000
1.582015 -0.264180 1.000000
-0.252831 -0.137041 1.000000
0.193199 0.015449 1.000000
-0.536727 0.740513 0.000000
0.057762 0.306751 1.000000
0.442014 -0.426330 1.000000
-0.650836 1.214508 0.000000
-1.110263 0.292808 0.000000
0.663605 0.554726 0.000000
-0.974297 0.082491 0.000000
1.313196 0.231446 1.000000
0.796765 -0.196899 1.000000
0.137554 1.073391 0.000000
1.372110 -0.414573 1.000000
-0.896667 1.141047 0.000000
-1.431386 0.933188 0.000000
-1.019518 -0.215982 0.000000
1.959948 0.491171 1.000000
1.854434 -0.016600 1.000000
0.154139 1.216821 0.000000
0.747393 -0.159054 1.000000
2.343117 -0.479565 1.000000
-0.970500 0.399990 0.000000
0.306064 1.496397 0.000000
1.882164 -0.240674 1.000000
1.634561 -0.659110 1.000000
1.107900 0.306454 0.000000
2.225139 -0.144854 1.000000
0.404336 0.606680 0.000000
-0.900503 0.594070 0.000000
1.101131 -0.406021 1.000000
0.148110 0.921050 0.000000
1.480926 0.336218 0.000000
0.606546 0.319382 0.000000
-1.022643 0.910781 0.000000
1.033577 -0.224490 1.000000
1.068243 -0.492912 1.000000
-0.867887 -0.135162 0.000000
0.351964 0.607834 0.000000
0.109175 0.130996 1.000000
0.888093 -0.270490 1.000000
0.646723 0.302122 0.000000
1.357812 -0.156377 0.000000
1.001312 -0.523101 1.000000
1.126491 -0.485937 1.000000
1.983337 0.182151 1.000000
2.189146 -0.826307 1.000000
1.292013 -0.341353 1.000000
-0.174966 0.884060 0.000000
-0.574514 0.113723 0.000000
-0.019870 0.886106 1.000000
0.022212 0.867513 0.000000
-0.175403 0.892936 0.000000
1.576028 0.018576 1.000000
1.341770 0.553380 0.000000
0.324926 0.095561 0.000000
1.779932 -0.478007 1.000000
0.410311 -0.220896 1.000000
1.198714 -0.419486 1.000000
1.288836 -0.282994 1.000000
-1.063735 0.297614 0.000000
2.009664 0.917856 1.000000
0.179759 0.879426 0.000000
-0.949689 1.220634 0.000000
-0.594149 -0.120530 0.000000
1.259268 -0.337708 1.000000
0.327082 1.208637 0.000000
0.929221 0.749621 0.000000
0.951344 -0.211291 1.000000
1.575095 -0.385222 1.000000
-0.294107 0.926601 0.000000
1.009696 0.638408 0.000000
0.420727 -0.756963 1.000000
0.313614 0.620282 1.000000
1.109613 1.138341 0.000000
0.545337 -0.190117 1.000000
0.685365 0.128816 0.000000
-0.604655 -0.025711 0.000000
0.249310 0.806807 0.000000
0.017667 0.859968 0.000000
-0.431639 0.478688 0.000000
0.592863 0.610400 0.000000
-0.628238 0.547580 0.000000
-0.614324 -0.625404 0.000000
0.809093 0.826368 0.000000
-0.983159 0.258067 0.000000
1.605788 0.264025 1.000000
0.636693 0.724884 0.000000
0.113606 1.457505 0.000000
0.881746 0.125553 1.000000
0.757102 1.040059 0.000000
1.485285 -0.058688 1.000000
0.800904 0.524679 0.000000
1.248302 -0.505197 1.000000
0.846914 -0.854759 1.000000
-0.540206 0.862492 0.000000
1.544449 -0.255206 1.000000
0.837200 -0.793030 1.000000
-0.904662 0.710698 0.000000
-0.584096 0.753810 0.000000
-1.251846 0.449539 0.000000
-0.829171 0.874423 0.000000
-0.015123 0.906156 1.000000
0.745729 1.056162 0.000000
-0.606695 0.827461 0.000000
-0.976409 0.134357 0.000000
2.152371 -0.283834 1.000000
0.967211 0.055027 0.000000
0.923366 0.653065 0.000000
0.128035 0.800095 0.000000
-0.150655 0.574295 1.000000
-0.551663 0.164686 0.000000
1.792073 0.110424 1.000000
1.225580 -0.246411 0.000000
1.352630 0.164115 1.000000
-0.972076 0.477011 0.000000
0.836214 0.965110 0.000000
1.821216 -0.061823 1.000000
-0.785711 1.044847 0.000000
0.617775 0.094206 0.000000
-0.381362 0.985094 0.000000
-0.666358 0.310019 0.000000
1.038856 0.479545 0.000000
0.450852 0.528433 0.000000
-0.051231 0.316372 1.000000
-0.334698 0.545051 0.000000
2.322057 0.034497 1.000000
1.146259 0.113300 1.000000
0.895660 0.927945 0.000000
1.564480 -0.101956 1.000000
1.113130 0.363191 0.000000
0.440357 -0.277950 1.000000
0.754568 -0.792523 1.000000
1.586211 0.474295 1.000000
-0.660822 0.779710 0.000000
0.559276 -0.210682 1.000000
0.431138 0.694808 1.000000
0.266482 0.101295 1.000000
1.989313 0.547110 1.000000
1.717344 -0.135682 1.000000
0.665123 -0.503541 1.000000
1.789849 -0.198521 1.000000
1.102942 -0.767995 1.000000
-0.953604 -0.324400 0.000000
0.818566 -0.436773 1.000000
0.245815 1.592131 0.000000
1.451494 -0.425390 1.000000
0.955397 -0.382801 1.000000
0.227001 1.505503 0.000000
0.880887 -0.240111 0.000000
-0.190612 1.338061 0.000000
1.190565 -0.192187 1.000000
-0.777014 0.110594 0.000000
0.172059 0.125365 1.000000
-0.492235 1.059792 0.000000
-1.170504 -0.230061 0.000000
0.570135 -0.822972 1.000000
0.537863 -0.060942 1.000000
2.176771 0.354453 1.000000
-0.914327 0.604315 0.000000
1.409120 0.342523 0.000000
0.452299 0.465108 0.000000
-0.294668 0.219619 1.000000
-0.352704 0.766969 0.000000
-0.926712 1.266891 0.000000
0.957763 -0.263935 1.000000
-1.220836 -0.330160 0.000000
0.103201 0.005989 1.000000
-0.094880 0.878337 0.000000
2.471133 0.391959 1.000000
-0.099756 1.066955 0.000000
-0.022372 -0.079109 1.000000
0.487679 0.420960 1.000000
0.088811 -0.402370 1.000000
0.584311 0.843928 0.000000
1.768864 0.148404 1.000000
-0.572039 1.013278 0.000000
0.652921 0.178583 1.000000
0.603799 -0.836064 1.000000
-1.009145 0.716174 0.000000
-1.038078 0.435805 0.000000
-0.445697 0.949386 0.000000
-0.107118 1.187262 0.000000
0.480107 0.973080 0.000000
1.185840 -0.807303 1.000000
0.726442 -0.252926 0.000000
0.664041 -0.891719 1.000000
-0.423719 0.440725 0.000000
2.261699 0.026676 1.000000
0.141725 0.630661 1.000000
0.538549 -0.370554 1.000000
1.606980 0.226884 1.000000
-0.794963 1.312798 0.000000
-1.228277 -0.241306 0.000000
-0.299188 0.633218 0.000000
-0.948365 -0.178685 0.000000
1.235782 -0.436395 1.000000
-0.148588 0.204030 1.000000
0.139497 0.186553 1.000000
-0.334935 0.813577 1.000000
0.914175 0.517168 0.000000
2.083020 -0.049151 1.000000
-0.770993 0.359188 0.000000
0.317803 1.208887 0.000000
0.230159 0.210683 1.000000
-0.064317 1.096135 0.000000
0.537673 -0.156021 1.000000
1.408182 -0.463455 1.000000
0.047456 -0.539701 1.000000
-1.380663 0.507309 0.000000
0.512670 0.835702 0.000000
1.793780 0.159086 1.000000
0.857499 -0.118129 0.000000
0.443288 0.178577 1.000000
1.005399 -0.715261 1.000000
0.592930 0.742668 0.000000
1.019426 -0.657032 1.000000
1.787312 0.109875 1.000000
1.044849 0.088170 1.000000
1.894511 -0.172839 1.000000
-0.206666 -0.184351 1.000000
1.610715 0.034813 1.000000
-0.783431 -0.494834 0.000000
0.617155 1.270330 0.000000
-0.585888 0.367548 0.000000
0.395758 -0.334841 1.000000
1.561745 -0.796379 1.000000
1.073430 -0.796931 1.000000
-0.138000 1.026969 0.000000
-0.734431 0.821902 0.000000
1.805644 0.097678 1.000000
0.601673 -0.730454 1.000000
-0.902166 0.533926 0.000000
1.027320 -0.351396 1.000000
0.469349 1.647092 0.000000
-0.510261 1.143972 0.000000
1.322000 -0.436566 1.000000
0.958663 0.245487 0.000000
0.314485 1.070362 0.000000
2.066469 -0.192263 1.000000
1.098621 1.114577 0.000000
1.844432 0.190751 1.000000
0.271829 0.425483 0.000000
1.915530 -0.221527 1.000000
1.213729 -0.458976 1.000000
-0.820821 0.628197 0.000000
1.317183 -0.189632 1.000000
1.875376 -0.157335 1.000000
-1.127874 0.156638 0.000000
-0.569840 0.248993 0.000000
-0.735398 0.781297 0.000000
-0.924262 0.511813 0.000000
1.844669 -0.674742 1.000000
1.066191 0.583291 0.000000
1.707354 -0.257502 1.000000
1.006537 -0.461094 1.000000
1.452580 -0.013332 1.000000
-0.305217 0.765467 0.000000
-0.606096 0.727810 0.000000
0.099223 0.437349 1.000000
0.747469 -0.470364 1.000000
1.445362 -0.087557 1.000000
0.944431 -0.805316 1.000000
0.381306 0.878391 0.000000
0.950683 0.030067 1.000000
2.032598 0.212891 1.000000
1.727431 -0.215115 1.000000
0.073932 -0.061776 1.000000
1.514963 -0.281761 1.000000
0.920120 -0.628288 1.000000
1.825485 -0.594660 1.000000
0.626201 1.022797 0.000000
1.059945 0.436208 0.000000
0.285503 -0.605365 1.000000
-0.976936 0.168607 0.000000
-0.394107 0.513552 0.000000
-0.454633 1.037478 0.000000
0.645778 -0.413888 1.000000
0.387898 -0.102536 1.000000
-0.661874 1.616698 0.000000
0.860581 1.325291 0.000000
0.952430 -0.078963 1.000000
-0.871898 1.359690 0.000000
0.510062 0.443007 0.000000
-0.843226 0.461624 0.000000
-0.947531 0.781643 0.000000
-0.170033 0.180466 0.000000
1.195278 -0.530260 1.000000
-0.843079 0.138064 0.000000
1.086132 -0.841359 1.000000
-0.075711 1.251793 0.000000
0.150506 1.163023 0.000000
-1.414625 0.208677 0.000000
1.585021 0.145315 1.000000
0.372133 0.680292 0.000000
0.230794 0.064591 1.000000
1.166550 0.385495 0.000000
0.392635 -0.251987 1.000000
0.282002 0.176618 1.000000
0.099326 1.294928 0.000000
-0.747911 0.258953 0.000000
-0.021297 0.165091 1.000000
0.039025 0.893199 0.000000
0.683044 0.851022 0.000000
1.142297 -0.258134 1.000000
-0.558479 0.819892 0.000000
-0.359844 1.123571 0.000000
0.314339 -0.348042 1.000000
1.414140 -0.088335 1.000000
1.592666 0.655584 1.000000
1.499055 0.150219 0.000000
1.478920 -1.020452 1.000000
-1.008354 0.006575 0.000000
1.713923 -0.454998 1.000000
1.917767 0.368214 1.000000
0.925754 0.400337 0.000000
-0.904564 0.182971 0.000000
2.251660 0.505951 1.000000
1.403728 -0.350478 1.000000
0.777417 0.529475 0.000000
0.031463 0.439864 1.000000
0.104640 0.648542 1.000000
0.391231 0.799831 0.000000
1.864223 0.990086 1.000000
1.513613 0.999445 1.000000
-1.034043 0.265447 0.000000
1.438292 -0.148519 1.000000
0.441284 0.298665 0.000000
1.145282 -0.515962 1.000000
-0.972322 -0.338887 0.000000
0.709104 0.976183 0.000000
1.576130 -0.438050 1.000000
2.423026 0.178797 1.000000
1.442156 -0.382775 1.000000
0.260176 0.771591 0.000000
-1.090354 0.887015 0.000000
-0.157027 -0.042665 1.000000
0.473462 -0.549822 1.000000
-0.278462 0.925388 0.000000
-0.010187 0.792435 0.000000
1.498376 -0.463314 1.000000
1.366423 -0.167273 1.000000
0.770927 -0.798801 1.000000
0.120964 1.270783 0.000000
0.033407 1.036109 0.000000
-0.774133 0.427217 0.000000
0.453254 0.146804 0.000000
1.391555 -0.204071 1.000000
-0.346799 0.952656 0.000000
1.163211 -0.673725 1.000000
1.188769 0.087694 0.000000
2.499503 -0.475842 1.000000
0.213899 -0.581374 1.000000
-1.406384 -0.453188 0.000000
0.561644 -0.051314 1.000000
0.504056 1.536684 0.000000
1.108167 0.576599 0.000000
-1.020721 -0.053149 0.000000
1.282662 0.047410 1.000000
2.263310 -0.683363 1.000000
0.808448 1.221240 0.000000
1.234203 -0.159039 1.000000
0.777426 0.362823 1.000000
1.521456 -0.694831 1.000000
0.797816 -0.564066 0.000000
-0.283225 0.316613 1.000000
1.359256 0.683569 0.000000
1.081617 0.409762 0.000000
0.082086 0.637676 1.000000
1.092999 -0.615969 1.000000
-1.504120 0.342079 0.000000
0.531398 -0.111341 1.000000
1.336514 0.228505 0.000000
1.792953 -0.638111 1.000000
-0.192225 0.221047 1.000000
0.642285 -0.204966 1.000000
0.075049 0.768390 0.000000
0.073122 0.806186 0.000000
0.117902 0.836639 0.000000
0.564165 0.635560 0.000000
0.956307 0.520734 0.000000
0.009663 -0.251496 1.000000
0.829471 -0.395822 1.000000
-0.013368 0.956879 0.000000
0.612286 -0.464424 1.000000
0.823677 0.682908 0.000000
-0.447521 0.463074 1.000000
1.172839 -0.557993 1.000000
-0.255946 1.226794 0.000000
0.088640 0.903163 0.000000
1.988284 0.025740 1.000000
-0.263820 -0.470238 1.000000
0.338434 1.272344 0.000000
2.099604 0.213283 1.000000
-0.030321 0.546068 1.000000
2.367391 -0.289180 1.000000
-0.250450 0.460038 1.000000
-1.419430 -0.029692 0.000000
-0.324498 0.922914 0.000000
-0.841127 0.493965 0.000000
-0.186499 -0.112612 1.000000
2.111226 0.352722 1.000000
0.460572 0.324236 1.000000
-0.069642 0.733685 1.000000
0.708558 0.767042 0.000000
1.710892 0.432295 1.000000
0.293370 0.216910 0.000000
2.226042 0.053907 1.000000
0.167410 -0.477014 1.000000
-0.485271 0.960798 0.000000
-0.163667 0.318866 1.000000
1.309201 -0.592506 1.000000
-1.154857 0.400992 0.000000
2.361800 -0.353220 1.000000
2.071554 -0.188273 1.000000
-0.059114 -0.058537 1.000000
-0.919251 0.731896 0.000000
0.629697 -0.927547 1.000000
2.302982 0.165921 1.000000
1.620915 -0.451533 1.000000
1.643406 -0.373864 1.000000
0.313188 -0.837913 1.000000
-0.321780 0.856759 0.000000
0.025271 1.019781 0.000000
-0.736123 0.249830 0.000000
0.116563 -0.372983 1.000000
1.947985 0.742172 1.000000
1.604141 0.400895 1.000000
0.569972 0.500211 0.000000
2.297057 0.499993 1.000000
-0.999893 0.018946 0.000000
2.413674 0.882427 1.000000
1.946102 0.424414 1.000000
-0.735419 0.731586 0.000000
1.412907 -0.658677 1.000000
0.321891 -0.077086 1.000000
1.088108 -0.156954 1.000000
-1.093769 1.085779 0.000000
1.437114 -0.012931 1.000000
1.403739 -0.036990 1.000000
-0.146434 1.051780 0.000000
-1.202887 0.090529 0.000000
1.158254 0.155609 0.000000
-0.656311 0.477579 0.000000
0.995600 0.126710 0.000000
0.638919 -0.533518 1.000000
0.093328 1.246573 0.000000
0.428755 0.845414 0.000000
1.066921 -0.111996 1.000000
-0.993603 1.375199 0.000000
0.354764 -0.492574 1.000000
-0.712577 0.533629 0.000000
-0.169864 0.910365 0.000000
0.076590 0.500058 1.000000
2.099398 -0.124421 1.000000
1.052561 -0.536915 1.000000
0.607165 0.914085 0.000000
2.635388 0.390006 1.000000
0.295061 1.010690 0.000000
0.159285 0.003227 1.000000
0.959596 -0.059176 1.000000
0.673264 -0.774607 1.000000
1.187417 -0.055771 0.000000
-1.081886 1.053375 0.000000
-1.127224 0.471380 0.000000
0.414378 -0.200208 1.000000
0.314303 0.248313 0.000000
1.736507 -0.216917 1.000000
0.097027 -0.426379 1.000000
1.013700 0.425652 0.000000
0.572389 1.047860 0.000000
0.227727 0.425552 0.000000
-0.156327 0.375917 0.000000
0.660625 0.680978 0.000000
-0.542362 0.925889 0.000000
1.380926 0.585849 0.000000
0.100183 -0.266066 1.000000
1.024634 0.276565 0.000000
1.151135 0.605165 0.000000
0.882036 0.710397 0.000000
1.283938 0.557364 0.000000
1.179795 -0.217127 1.000000
1.388932 0.052906 0.000000
0.822175 -0.678668 1.000000
0.001860 0.566240 0.000000
2.196578 0.317168 1.000000
-0.812809 0.317910 0.000000
-0.057812 0.496426 1.000000
1.008549 0.619606 0.000000
-0.580500 -0.009055 1.000000
1.512767 0.463055 1.000000
-0.679870 -0.221654 0.000000
1.445377 0.328905 0.000000
0.800433 0.424075 0.000000
0.554024 0.631647 0.000000
1.828776 -0.077725 1.000000
1.345335 -0.101092 0.000000
0.836630 0.808135 0.000000
-0.976818 0.485138 0.000000
-0.811828 0.473049 0.000000
0.156948 0.026713 1.000000
0.313331 -0.265515 1.000000
0.010546 0.459402 0.000000
1.740188 0.043846 1.000000
1.638432 0.133864 1.000000
1.759958 0.949515 0.000000
0.677863 0.523975 0.000000
0.568253 1.027382 0.000000
1.635022 -0.641785 1.000000
1.047163 -0.478791 1.000000
1.151585 -0.173365 1.000000
0.219352 0.714355 0.000000
0.297683 1.157637 0.000000
-0.884232 0.031479 0.000000
0.801425 0.745970 0.000000
0.697037 0.584165 0.000000
0.804079 -0.080330 0.000000
-0.323876 0.853134 0.000000
0.682784 -0.196413 1.000000
0.571289 0.687571 0.000000
1.641750 -0.419162 1.000000
0.443945 -0.620416 1.000000
0.440739 -0.163613 1.000000
0.408245 0.916642 0.000000
-0.257118 0.866520 0.000000
-0.300730 0.641379 0.000000
0.594206 0.191774 1.000000
1.185480 -0.259211 1.000000
0.115371 1.263719 0.000000
-0.045204 0.621574 0.000000
-0.296519 0.727856 0.000000
0.710783 0.808068 0.000000
1.693431 -0.050029 1.000000
0.364790 0.566878 1.000000
-0.958026 0.493296 0.000000
0.289112 1.006622 0.000000
1.080814 -0.939062 1.000000
0.086934 1.224012 0.000000
-0.611332 1.383376 0.000000
1.091547 0.833684 0.000000
-0.303555 1.598119 0.000000
0.751955 0.839351 0.000000
0.091977 0.537190 1.000000
0.563163 -0.718086 1.000000
1.777172 0.006156 1.000000
0.534882 0.655296 0.000000
-0.315521 0.967761 0.000000
-0.294771 0.786053 0.000000
1.381895 -0.427591 1.000000
1.512492 0.072877 1.000000
-0.181780 -0.199879 1.000000
-0.741730 0.667269 0.000000
-0.422113 1.027872 0.000000
-0.578468 -0.096625 0.000000
-0.929757 0.549454 0.000000
0.769124 -0.145109 1.000000
-0.136078 0.774369 0.000000
-1.229471 0.323667 0.000000
-1.068260 0.187066 0.000000
0.659949 -0.639734 1.000000
-1.278528 0.625802 0.000000
1.060790 -0.169197 1.000000
1.468040 -1.068196 1.000000
1.939301 0.032536 1.000000
0.777147 -0.042106 1.000000
0.923964 0.326261 0.000000
0.902428 0.824748 0.000000
0.525911 0.622882 0.000000
0.107005 0.934507 0.000000
0.749631 0.884337 0.000000
-0.683881 0.340410 0.000000
0.032194 0.149424 1.000000
-0.635254 0.514553 0.000000
0.390214 0.401803 0.000000
0.808784 0.446004 0.000000
-1.055145 0.074388 0.000000
0.465100 -0.590977 1.000000
0.926622 -0.556572 1.000000
1.617149 -0.661176 1.000000
1.069141 0.378864 0.000000
-0.067678 0.613522 0.000000
-1.717862 -0.293625 0.000000
2.003574 0.265897 1.000000
-0.395214 0.219638 0.000000
-0.638234 1.006502 0.000000
1.811815 -0.079642 1.000000
1.830243 0.387847 1.000000
2.155501 0.303359 1.000000
0.532936 0.915481 0.000000
0.783768 -0.079239 1.000000
-1.464981 0.105008 0.000000
1.537479 -0.100601 0.000000
1.649343 0.303160 1.000000
0.873042 -0.275955 1.000000
-0.494351 0.396768 0.000000
1.997051 -0.444272 1.000000
-0.541541 0.063693 0.000000
0.729355 -0.173113 1.000000
-0.753817 0.496879 0.000000
-0.842221 0.312310 0.000000
0.927159 0.578548 0.000000
0.373360 0.927344 0.000000
1.952458 0.219896 1.000000
0.490901 0.530777 0.000000
-0.836947 0.399267 0.000000
-0.415514 1.004904 0.000000
1.255567 0.039217 0.000000
0.664049 0.094861 0.000000
-0.836665 0.371852 0.000000
1.759539 -0.089233 1.000000
0.149997 -0.132498 1.000000
1.976949 -0.125297 1.000000
1.329554 0.568539 0.000000
2.110759 0.194853 1.000000
-0.221524 1.192585 0.000000
-0.954426 0.809562 0.000000
0.433607 0.938299 0.000000
0.434921 0.136316 1.000000
0.974590 0.613756 0.000000
1.066177 -0.719785 1.000000
0.287670 0.156997 1.000000
1.570648 0.954916 1.000000
2.211038 0.041251 1.000000
-0.121210 1.172101 0.000000
1.642190 0.194291 1.000000
2.436110 0.295760 1.000000
1.658837 -0.139384 1.000000
-0.345770 0.390879 0.000000
0.697051 0.045577 1.000000
-0.420167 0.534349 0.000000
0.434654 -0.194939 1.000000
1.887162 0.296721 1.000000
-0.922041 1.266067 0.000000
0.110787 0.853745 0.000000
1.758649 0.423105 1.000000
-0.966215 0.798845 0.000000
0.868388 -0.158225 1.000000
0.633563 0.557907 0.000000
1.884789 -0.290391 1.000000
-0.600355 0.546593 0.000000
0.877767 0.380365 0.000000
0.107654 1.576301 0.000000
1.123345 0.061373 0.000000
1.202572 0.501084 0.000000
0.674056 0.351489 0.000000
-0.674210 0.833230 0.000000
-0.887654 0.855940 0.000000
-0.616739 0.445902 0.000000
1.271747 -0.066349 1.000000
2.499368 0.174934 1.000000
0.803087 0.370147 0.000000
0.742379 -0.496514 1.000000
0.165438 1.319587 0.000000
-0.079705 0.984557 0.000000
0.374935 0.719661 0.000000
-0.699569 1.099116 0.000000
2.231816 -0.640995 1.000000
-0.440065 0.211347 0.000000
1.834230 -0.648703 1.000000
1.082869 0.244657 0.000000
-0.122948 0.104422 1.000000
-1.177182 0.383184 0.000000
-0.033276 1.004596 0.000000
0.201634 0.321780 1.000000
1.499104 -0.262238 1.000000
0.664547 -0.608936 1.000000
1.613993 -0.755575 1.000000
-0.012730 0.481973 0.000000
1.567782 -0.715662 1.000000
-0.713360 0.957158 0.000000
-0.735108 0.974118 0.000000
-0.687566 0.766900 0.000000
0.466852 -0.079665 1.000000
-0.349961 0.072877 1.000000
-0.263286 0.729127 0.000000
-0.367914 0.960215 0.000000
0.120186 -0.192148 1.000000
0.969003 -0.299413 1.000000
1.851122 -0.027696 1.000000
1.210109 0.199486 0.000000
0.246150 -0.548736 1.000000
2.021122 -0.029437 1.000000
0.052741 0.479031 1.000000
1.855593 -0.298995 1.000000
1.844420 0.090605 1.000000
0.160382 0.272589 1.000000
1.745869 0.139312 1.000000
-1.040662 0.133700 0.000000
0.282934 -0.273393 1.000000
1.167329 0.569111 0.000000
0.374227 0.678576 0.000000
-0.771909 0.867625 0.000000
0.625394 -0.568718 1.000000
1.984749 0.304652 1.000000
1.097328 0.497956 0.000000
1.319043 -0.190562 1.000000
-0.095484 0.848774 0.000000
0.264017 0.728594 1.000000
0.423934 -0.201855 1.000000
2.262882 -0.230742 1.000000
0.501161 0.953351 0.000000
-0.523819 0.793830 0.000000
1.525814 -0.642284 1.000000
2.628266 -0.370713 1.000000
0.360364 -0.026990 1.000000
0.767758 -0.465033 1.000000
0.005445 0.368828 0.000000
-0.734973 -0.428447 0.000000
1.900982 -0.203955 1.000000
-0.440185 1.344595 0.000000
-0.357186 1.369697 0.000000
1.340772 -0.331885 1.000000
-1.137055 -0.242375 0.000000
-0.109147 0.883055 0.000000
-0.578800 -0.035170 0.000000
1.078042 -0.405713 1.000000
0.766964 0.244589 1.000000
0.049323 -0.208730 1.000000
0.745830 -0.236041 0.000000
0.400827 0.051070 1.000000
2.050175 -0.154663 1.000000
1.323296 -0.434911 1.000000
0.044711 1.261975 0.000000
0.433450 0.904272 0.000000
0.200384 1.320178 0.000000
1.005660 -1.005726 1.000000
-1.268470 0.256398 0.000000
2.326325 0.177697 1.000000
-0.418899 0.467093 0.000000
0.345083 0.492200 0.000000
-0.606816 0.924179 0.000000
0.449124 -0.687310 1.000000
0.327390 1.352673 0.000000
0.375936 0.383907 1.000000
-0.838871 0.127337 0.000000
0.608987 -0.672774 1.000000
0.630114 0.695269 0.000000
1.386225 -1.065361 1.000000
2.137177 0.128852 1.000000
1.586455 0.171731 1.000000
1.870077 -0.700195 1.000000
0.210833 -0.436920 1.000000
1.119103 -0.759565 1.000000
0.656475 0.399953 0.000000
0.145293 0.018543 1.000000
0.474253 0.288210 1.000000
0.426845 -0.533154 1.000000
0.178168 -0.396135 1.000000
1.214324 -0.509203 1.000000
-1.154036 0.126681 0.000000
-0.324728 0.937609 0.000000
-0.280391 0.997872 0.000000
0.538174 0.439839 0.000000
0.070965 0.431402 0.000000
1.227144 -0.314077 1.000000
0.646607 -0.368038 1.000000
-1.157168 -0.260809 0.000000
1.182892 -0.859795 1.000000
-0.983300 0.334154 0.000000
-0.872500 0.263010 0.000000
0.564970 1.649504 0.000000
1.206675 -0.391840 1.000000
0.741081 -0.756662 1.000000
1.195628 0.306204 1.000000
-0.292150 -0.021735 1.000000
-0.183598 1.029738 0.000000
0.385476 -0.665116 1.000000
0.389319 -0.161226 1.000000
2.002756 -0.383249 1.000000
0.223866 -0.411467 1.000000
-0.268654 0.110892 1.000000
0.853144 -0.371345 1.000000
1.648716 -0.816070 1.000000
-0.630776 0.301490 0.000000
0.206398 -0.143300 1.000000
1.794575 0.089300 1.000000
0.349517 1.208096 0.000000
-0.031414 -0.612000 1.000000
1.135465 -0.413812 1.000000
0.589426 -1.027011 1.000000
-0.718949 0.867902 0.000000
1.548497 0.429272 1.000000
0.448258 1.518089 0.000000
0.235047 0.628921 0.000000
0.661870 0.023253 0.000000
1.463951 -0.150259 0.000000
-0.148756 -0.259556 1.000000
1.176645 -0.620112 1.000000
0.408290 0.482394 0.000000
1.239741 -0.890865 1.000000
1.564441 0.329605 1.000000
0.705415 0.205559 0.000000
0.438228 -0.088692 1.000000
-1.324027 0.092616 0.000000
1.053197 0.815874 0.000000
-1.025909 0.650714 0.000000
0.060614 1.372768 0.000000
-0.126678 1.027132 0.000000
1.204052 -0.271395 1.000000
1.708572 -0.408656 1.000000
-0.108588 1.285614 0.000000
-1.310573 0.797195 0.000000
0.377620 0.613857 0.000000
0.523810 0.874347 0.000000
0.127027 -0.282749 1.000000
-0.541741 0.079631 1.000000
0.984666 0.482338 0.000000
-0.792732 0.592245 0.000000
1.757254 0.450218 1.000000
1.043998 0.220601 1.000000
1.081249 -0.058127 1.000000
0.490744 1.175918 0.000000
-0.468380 0.273783 0.000000
1.009275 -0.350423 1.000000
-0.727063 0.591281 0.000000
1.308689 -0.098054 0.000000
0.459805 -0.172881 1.000000
-0.725955 0.865826 0.000000
0.662111 0.902247 0.000000
1.175359 -0.199211 0.000000
1.064017 1.221050 0.000000
0.515502 -0.458350 1.000000
0.466084 0.577778 0.000000
0.719328 0.173532 0.000000
0.725908 1.104417 0.000000
1.809602 0.389465 1.000000
0.328181 -0.498938 1.000000
1.730644 -0.585648 1.000000
2.140256 0.654916 1.000000
1.002377 -0.970720 1.000000
-1.554395 0.031904 0.000000
0.990616 -0.058612 1.000000
-0.750307 0.198139 0.000000
0.813506 -0.415632 1.000000
1.456634 -0.533181 1.000000
0.232155 -0.069812 1.000000
-0.827176 0.956187 0.000000
0.334641 0.657300 0.000000
-0.339247 0.056156 0.000000
-0.299293 0.647751 0.000000
-0.871288 0.202030 0.000000
0.510130 0.927213 0.000000
-0.753583 0.782881 0.000000
0.153104 0.714046 1.000000
0.624342 -0.135677 1.000000
1.666906 -0.483608 1.000000
0.304264 0.058687 1.000000
1.262496 -0.377718 1.000000
1.871261 0.364334 1.000000
0.104106 0.881460 0.000000
0.348067 -0.061353 1.000000
1.594963 -0.205631 1.000000
0.816268 -0.438759 1.000000
-0.332416 0.840529 0.000000
0.800781 0.173736 0.000000
0.943803 -0.048324 0.000000
-0.726603 0.139875 0.000000
1.509051 -0.474483 1.000000
0.573447 0.010324 0.000000
-0.081930 0.353439 1.000000
0.262183 1.071755 0.000000
0.442602 0.337896 1.000000
-0.261011 0.366918 1.000000
-0.834715 0.761659 0.000000
0.247299 0.501298 1.000000
1.183079 -0.462201 1.000000
1.643536 -0.291192 1.000000
2.109273 -0.103480 1.000000
-1.507398 0.877668 0.000000
0.142874 0.185218 1.000000
0.425465 1.011024 0.000000
0.463552 -0.630731 1.000000
-0.254878 1.715370 0.000000
0.244872 0.967350 0.000000
-0.035308 0.520136 1.000000
0.339120 0.820796 0.000000
1.738796 -0.384642 1.000000
0.425951 -0.660016 1.000000
-0.395751 0.721643 0.000000
0.543685 0.315095 0.000000
0.326681 -0.304768 1.000000
0.472228 -0.640900 1.000000
0.066152 0.189365 1.000000
1.157876 -0.382755 1.000000
1.698772 0.592022 1.000000
0.859157 0.888784 0.000000
-0.917334 0.322252 0.000000
0.434369 -0.209148 1.000000
0.861502 0.550883 0.000000
0.483424 -0.506233 1.000000
1.169380 -0.635422 1.000000
0.764085 -0.152977 1.000000
0.853331 -0.070930 0.000000
-0.565190 0.944881 0.000000
1.921963 -0.276743 1.000000
0.644528 0.464030 1.000000
-0.248956 0.937362 1.000000
0.101034 -0.255355 1.000000
-0.532447 1.185975 0.000000
1.322442 0.489218 0.000000
1.301153 -0.785581 1.000000
1.853257 -0.423062 1.000000
1.679893 0.121313 1.000000
1.285207 -0.395705 1.000000
0.904921 -0.588425 1.000000
1.151643 0.577445 0.000000
-0.325264 0.372853 1.000000
0.413284 0.776001 0.000000
1.136798 0.249168 0.000000
0.709126 -0.428555 1.000000
0.222491 0.575809 0.000000
1.783907 0.451406 1.000000
0.510155 -0.285753 1.000000
1.535746 -0.004711 1.000000
0.323339 -0.651348 1.000000
0.321840 0.505048 0.000000
0.921675 -0.658020 1.000000
0.785120 -0.034201 1.000000
-0.831559 -0.061376 0.000000
0.795147 0.081992 0.000000
-0.115562 0.518931 0.000000
-0.179648 -0.168163 1.000000
1.998206 0.075559 1.000000
0.417924 1.103718 0.000000
1.380628 0.497784 1.000000
-0.109177 0.880832 0.000000
1.129807 0.668418 0.000000
0.997727 0.448516 0.000000
-1.275381 0.428883 0.000000
2.114799 0.488272 1.000000
-0.574415 0.009264 0.000000
1.447138 -0.437980 1.000000
-1.016897 0.382021 0.000000
1.247680 -0.094436 1.000000
0.003750 -0.383132 1.000000
0.486105 -0.337505 1.000000
1.405268 -0.610226 1.000000
-0.392602 1.220395 0.000000
0.900449 -0.312940 1.000000
1.596320 -0.846556 1.000000
1.144749 0.274613 0.000000
-0.012125 0.752686 0.000000
-0.040357 0.322815 1.000000
0.242390 1.481604 0.000000
0.127286 0.966975 0.000000
0.415086 0.476862 0.000000
0.057642 0.885399 0.000000
-1.081901 0.594128 0.000000
1.691830 0.406665 1.000000
0.778981 -0.136235 0.000000
0.855682 -0.015608 0.000000
0.345709 0.539344 0.000000
0.364724 0.725567 0.000000
-0.087863 0.807753 1.000000
1.232650 0.903939 0.000000
0.122476 0.853724 0.000000
0.528890 -0.309262 1.000000
1.119230 0.908865 0.000000
0.865670 -0.348592 1.000000
-0.972454 0.403771 0.000000
2.169212 0.117707 1.000000
0.406716 0.275909 0.000000
2.059550 -0.097799 1.000000
-0.986782 0.570456 0.000000
0.398438 0.796748 0.000000
1.580059 -0.210515 1.000000
-0.414303 0.268110 0.000000
-0.293048 0.015066 1.000000
0.774637 0.380888 0.000000
0.363157 0.735729 0.000000
1.701558 0.329601 1.000000
-0.842265 -0.200128 0.000000
-0.876645 1.047574 0.000000
0.238836 0.298198 1.000000
0.205816 -0.047184 1.000000
0.037361 -0.000409 1.000000
1.956775 0.772619 0.000000
-0.084778 -0.010822 1.000000
0.224255 -0.246640 1.000000
-0.701038 0.226757 0.000000
-1.018369 0.004619 0.000000
0.809993 -0.378869 1.000000
1.385469 -0.304381 1.000000
-0.669533 0.832817 0.000000
1.690015 -0.041816 1.000000
0.847815 0.709343 0.000000
-0.234136 0.202950 1.000000
1.035137 0.089037 1.000000
-0.523970 0.503419 0.000000
0.042079 1.392878 0.000000
0.344031 0.706342 0.000000
0.173590 0.646117 0.000000
0.394803 0.540556 0.000000
1.673981 -0.453298 1.000000
-0.021206 1.317610 0.000000
-0.494361 0.799714 0.000000
0.170291 0.841456 0.000000
2.098330 -0.777812 1.000000
-0.888657 0.942218 0.000000
2.137374 0.194691 1.000000
1.390213 0.384150 0.000000
1.440695 -0.104133 1.000000
0.411806 0.113201 1.000000
0.981588 0.795988 0.000000
-0.294622 1.016518 0.000000
-0.678789 1.254364 0.000000
-0.483861 1.086668 0.000000
0.950827 0.490731 0.000000
0.138854 0.971847 0.000000
-0.276937 0.146686 1.000000
1.623859 0.055853 1.000000
1.217676 -0.333891 1.000000
-0.293093 -0.386800 1.000000
0.809922 1.407021 0.000000
1.176323 0.523590 0.000000
0.395077 0.772228 0.000000
-0.437923 0.991163 0.000000
0.641673 -0.516284 1.000000
-0.169550 0.852575 0.000000
2.375034 -0.270649 1.000000
1.473302 -0.260873 1.000000
-0.533147 0.844452 0.000000
1.287479 -0.164313 0.000000
0.676043 -0.427006 1.000000
-0.234310 0.977954 0.000000
0.404706 -0.279582 1.000000
-0.407241 0.812174 0.000000
1.262702 -0.254233 1.000000
0.098529 -0.019569 1.000000
0.895039 0.409942 0.000000
0.269487 -0.379661 1.000000
-0.304633 -0.241150 0.000000
2.306138 -0.581276 1.000000
-0.622505 1.459896 0.000000
-0.417304 0.803324 0.000000
-0.805419 0.390357 1.000000
-0.072229 0.179531 0.000000
0.414506 0.168321 1.000000
0.767199 0.245502 0.000000
2.015717 0.693131 1.000000
-0.837380 0.445177 0.000000
0.591913 -0.916556 1.000000
2.216216 0.241725 1.000000
1.407300 -0.625369 1.000000
-0.547707 0.077037 0.000000
